WellID	Well Number	Membrane Area (# pixels)	Membrane Total intensity	Membrane Mean intensity	W_O Membrane Area (# pixels)	W_O Membrane Total intensity	W_O Membrane Mean intensity	Intensity Ratio
B8	32	1488.0	157408.0	105.78494623655914	1119.0	129337.0	115.58266309204647	0.9152319509398678
G10	154	2299.0	306510.0	133.32318399304046	1562.0	222408.0	142.38668373879642	0.9363458751354681
B1	25	1609.6666666666667	188234.0	116.24526789194988	1049.6666666666667	129691.0	122.89264283191608	0.9459090895371336
P20	380	1613.3333333333333	200863.66666666666	117.46976531078597	829.6666666666666	114955.66666666667	122.28867286961757	0.9605939990536209
C1	49	1643.0	191688.0	112.7340454951254	1052.5	129789.0	117.28784421715184	0.9611741629968461
A5	5	6834.666666666667	886334.3333333334	123.65957737390772	3580.0	465362.6666666667	126.87059979091748	0.9746905711622589
K20	260	2382.5	365889.5	134.67142852223006	1285.5	197241.0	137.31158556028032	0.9807725107296847
O24	360	3733.3333333333335	454085.0	133.43624364461152	2189.6666666666665	282419.6666666667	135.26750496647495	0.9864619272580115
A10	10	3637.3333333333335	542833.6666666666	153.08351114766447	2567.3333333333335	395808.0	154.82056113778853	0.9887802370863511
J6	222	515949.6666666667	77228664.33333333	150.2557851429707	376518.0	56613023.333333336	150.83719430901593	0.9961454522625626
A1	1	216535.66666666666	32102161.666666668	147.37094425191128	144355.66666666666	21281627.333333332	147.74502330186007	0.9974680768151188
P8	368	2822.5	434551.5	151.3969583331214	1890.5	285343.5	151.43922554411395	0.9997208965455239
B6	30	822.0	84504.0	102.8029197080292	278.0	28482.0	102.45323741007195	1.0034130917362585
D13	85	714.5	74165.0	103.64774814897288	184.0	19044.5	103.23295454545455	1.004018034796589
C17	65	354010.6666666667	56267304.666666664	158.9084283751263	286704.3333333333	45015341.0	156.97577890343277	1.0123117686384118
G8	152	2224.5	313721.0	132.91423030663992	1414.5	193467.0	131.1577288934974	1.0133922829250028
C23	71	10777.333333333334	1626359.0	147.27186496134445	7587.0	1114542.3333333333	144.46929427020396	1.0193990751134894
N23	335	4374.666666666667	630124.3333333334	137.08160405462684	2744.6666666666665	383805.3333333333	133.69861718920563	1.0253030804397454
I17	209	5906.666666666667	867404.6666666666	146.2092882992573	3862.6666666666665	556937.0	142.4603051613759	1.0263159841868557
A17	17	739339.0	117569002.66666667	158.59540806418224	531094.3333333334	81524075.33333333	153.7499907889298	1.0315149109953723
B17	41	626633.3333333334	100807802.33333333	160.96508217927527	490886.3333333333	76371317.33333333	155.74786829997683	1.0334978188545725
B3	27	2147.0	286254.3333333333	121.44995509032799	1332.0	170899.66666666666	117.50663344507535	1.0335582896866484
A18	18	527203.0	85112478.33333333	161.11194094286597	414318.3333333333	64432755.0	155.55192596116706	1.0357437874673885
F17	137	376675.3333333333	61054997.0	162.2904020548414	301760.3333333333	47092289.333333336	156.1425179606715	1.0393735426741253
A21	21	390655.0	58740394.666666664	149.5325616508838	255723.0	36760671.0	143.85913328566707	1.039437387363865
B9	33	159464.33333333334	25485274.0	159.5460752228839	125103.0	19232701.333333332	153.3638737268319	1.0403106764704155
G19	163	3149.6666666666665	472439.6666666667	140.30139979376895	2024.6666666666667	285487.0	134.57124838845974	1.042580799940031
N21	333	994.5	131995.0	127.68733763155399	499.0	66256.0	122.35260325770797	1.0436013148213088
G1	145	181723.66666666666	28379654.333333332	153.98702107718842	120073.0	17699712.333333332	146.97179329206597	1.0477317968841926
E17	113	395448.6666666667	64501613.0	163.0968615795706	312496.3333333333	48612076.0	155.60606914566583	1.0481394618798094
N19	331	5799.333333333333	908115.3333333334	150.8723343774739	3739.6666666666665	540252.3333333334	143.79663371953396	1.049206302504554
E1	97	623458.0	98261404.66666667	155.06560718888966	403602.0	59541484.666666664	147.51462415799764	1.0511880301630598
P23	383	2844.6666666666665	415271.3333333333	144.3466107274122	2038.0	281092.6666666667	137.247971407525	1.051721269517416
E20	116	1610.6666666666667	228388.66666666666	129.79232370178673	895.0	118670.33333333333	123.37684029591082	1.05199908986556
D6	78	1720.0	238751.0	138.75791519122376	1381.0	182663.33333333334	131.83199366582542	1.0525359689466165
D1	73	434842.0	68828870.0	154.03219167103947	290367.0	42602939.333333336	146.33612224434276	1.0525917272417968
N24	336	518843.6666666667	83554619.0	161.3689181987698	343663.0	52482609.333333336	153.3039029894667	1.0526080227054442
G17	161	298052.0	49733737.333333336	166.71896566532595	237269.33333333334	37541998.666666664	158.15999114542765	1.0541159269035894
D17	89	782474.0	130179646.66666667	166.2010740380563	582643.0	91490805.66666667	157.4594672617535	1.0555165524710632
H1	169	270424.0	42531819.0	156.44615584445793	180581.66666666666	26735152.0	148.04680566840568	1.0567344235367364
D9	81	358816.6666666667	59504162.0	162.39221328125203	262853.6666666667	40156385.333333336	153.3500956406181	1.0589638865424935
D19	91	8758.0	1364603.0	156.92943503106898	5899.0	873923.5	148.06346437395484	1.059879530001553
D10	82	328264.6666666667	52313509.333333336	161.9014446570241	256420.33333333334	39155538.0	152.68825971831413	1.060339838542314
O1	337	303576.6666666667	47421457.0	156.2103260271695	202787.66666666666	29861282.666666668	147.1776496598117	1.0613726091443643
L9	273	6210.0	970960.0	137.77932525001563	4144.0	604882.5	129.67443725072334	1.062501817406168
F1	121	674049.6666666666	107640275.33333333	156.96620617825434	426241.3333333333	62968878.333333336	147.6603100642727	1.0630223254301108
I1	193	263719.3333333333	41391070.0	155.82644322612364	182099.66666666666	26627743.0	146.5131978952688	1.063565913956176
E11	107	337909.3333333333	50482589.333333336	149.84669079763339	286414.0	40151144.0	140.81113537278438	1.064167904057646
P24	384	427543.3333333333	70369314.33333333	163.94629358028763	295939.3333333333	45445843.666666664	153.802751112347	1.0659516321689926
B2	26	227658.33333333334	35645909.0	156.27919137531052	149072.0	21828188.333333332	146.50277425430167	1.0667319589732738
H20	188	7474.666666666667	1206137.0	159.46424686115554	5349.333333333333	794553.0	149.44855004733162	1.067017691443991
C2	50	213559.0	34641007.333333336	157.94022096334842	142095.0	20982070.333333332	147.88804120794563	1.0679715524886046
H17	185	351998.0	59135828.666666664	168.0247381307448	278096.6666666667	43730915.0	157.22637150707467	1.0686803779808924
E9	105	172742.66666666666	27841619.333333332	161.266011662841	134119.33333333334	20184563.333333332	150.5263715969347	1.0713472327271922
A9	9	144906.33333333334	23451763.0	161.43954522806482	113350.66666666667	17038227.666666668	150.66341197564918	1.071524553380998
O23	359	403821.0	67314600.33333333	166.77000838560886	275197.0	42836731.333333336	155.59316609980382	1.0718337608647655
A2	2	2614.5	364232.0	149.99940968237945	2029.0	271027.5	139.9050813324793	1.0721512632261823
E10	106	470503.6666666667	76108520.0	162.08304561537133	323363.3333333333	48713584.0	151.09830380200935	1.0726993059283827
P2	362	403018.3333333333	63282920.0	155.7507704571978	272470.0	39666897.0	145.1354487494062	1.0731407922686085
D2	74	183011.0	28997066.333333332	158.327053754621	124691.0	18281180.666666668	146.70181639757533	1.079243990582504
M24	312	391446.0	65294617.333333336	167.09830289351487	268195.0	41339953.333333336	154.11668695953392	1.0842323838520451
C10	58	439533.6666666667	72490987.33333333	163.79135746538432	312755.3333333333	46840841.0	150.90304351471542	1.0854079125939702
O22	358	325582.0	55174677.0	168.89717821441354	225636.66666666666	35071135.333333336	155.2899488032473	1.0876246628711728
D8	80	163168.33333333334	27053851.0	165.8834572257789	124087.33333333333	18912909.333333332	152.39216210332776	1.0885301116293862
P1	361	312356.0	48545605.333333336	155.16495136720206	219656.66666666666	31300321.666666668	142.53271209271864	1.0886269480809854
N1	313	533349.6666666666	87513728.33333333	161.83138827698176	338872.0	50556729.666666664	148.27835140877494	1.0914026676142607
F8	128	226893.66666666666	37758672.0	168.0597440895184	167570.0	25732222.0	153.9551712680798	1.0916148038761135
C9	57	377838.6666666667	62180181.333333336	165.00093414773713	288254.6666666667	43304509.333333336	151.09508665261617	1.0920337504229505
K1	241	536910.0	89628679.66666667	163.0421317385764	336180.0	50249008.666666664	149.20304859078274	1.092753353758541
D11	83	574916.0	96373349.66666667	167.4330419396215	412925.3333333333	62858901.0	153.16510054531258	1.093153997506683
H23	191	7731.0	1223143.6666666667	154.7486006307555	5370.333333333333	759764.0	141.50411653048295	1.0935978713906844
A11	11	527624.3333333334	87480680.66666667	165.18463769879685	394573.6666666667	59391332.666666664	151.03140016259076	1.0937105629754449
L5	269	929.5	136347.5	137.2864728492907	394.0	55052.5	125.49114598103161	1.0939932994957429
L1	265	680293.0	112414217.0	163.24959096175172	426192.0	63667576.666666664	149.1102614443258	1.0948246578100542
J17	233	462189.0	77313656.66666667	168.06402853091728	359062.0	54921634.666666664	153.46765869277928	1.0951103963041353
P22	382	502857.3333333333	84366197.33333333	167.57777683232044	340084.3333333333	51961891.333333336	152.93285715413194	1.0957604529903522
F2	122	226344.33333333334	36760298.0	161.778377271657	147496.33333333334	21735705.666666668	147.6075671512222	1.0960032767555674
J1	217	486313.6666666667	80176719.66666667	161.55318133403452	318195.6666666667	46933620.0	147.06682763063662	1.0985018439357437
F11	131	386008.6666666667	64732617.666666664	165.68238577950314	274493.3333333333	40982980.666666664	150.72349910860055	1.0992472093560162
C11	59	784617.6666666666	130497375.33333333	165.19888085964394	530305.6666666666	79241214.33333333	150.25487336573508	1.0994577224629092
O2	338	536573.3333333334	88637101.0	163.21651618216927	336538.3333333333	50020542.666666664	148.42462734409625	1.0996592620965835
M23	311	409854.6666666667	70347710.0	171.34084113172761	279236.0	43488376.0	155.78350135024212	1.0998651310738519
B11	35	553736.0	91332955.66666667	166.0091277641047	401918.3333333333	59825166.0	150.8745191727162	1.1003125555884152
C18	66	468306.6666666667	79899839.0	170.50282090810296	366662.6666666667	56805179.333333336	154.92575437158567	1.1005453650989239
M16	304	229834.66666666666	38313390.666666664	166.3830196407628	152801.66666666666	23091991.333333332	151.05898104558523	1.101444074950785
E2	98	86630.66666666667	14468429.666666666	166.6235344695141	60752.333333333336	9147864.666666666	150.83240307712086	1.1046932295066547
H9	177	375406.3333333333	61877200.0	164.9195652403679	282178.6666666667	42018824.0	149.14096364252183	1.105796564622353
B18	42	605785.0	103470593.33333333	170.89783445410663	461568.3333333333	71204292.0	154.53515727947115	1.1058832013549136
D18	90	512977.3333333333	88161741.66666667	171.95956534570476	394073.0	61134831.666666664	155.25243526987109	1.1076126763924323
G9	153	444165.0	75766201.33333333	168.4392655531272	310337.3333333333	46878998.666666664	152.06624981530913	1.1076702802739187
H18	186	484879.6666666667	84259288.33333333	175.04487316532982	396564.3333333333	62628414.333333336	157.97199298878638	1.1080753610404557
O16	352	209032.0	34541337.0	165.24746951070497	141957.0	21159261.0	148.97873747340248	1.1092017043049984
L23	287	370266.6666666667	62984645.0	170.0157989673983	258876.33333333334	39677630.666666664	153.25831549495004	1.1093414306318696
A8	8	180712.33333333334	29925415.0	165.55575931093009	141608.66666666666	21150950.333333332	149.21357885297806	1.1095220728808748
F9	129	295419.0	49714347.0	169.32642894463757	221390.33333333334	33813370.0	152.37906967252238	1.111218419357309
O21	357	471786.0	81676710.33333333	171.237277880277	311347.6666666667	48115378.0	154.02624751386898	1.1117408925050796
P16	376	293315.6666666667	48327671.333333336	164.80585583831808	200348.0	29672265.666666668	148.07292150420184	1.1130046882585578
E8	104	542479.6666666666	93046296.66666667	169.95083316630846	389725.3333333333	59074403.0	152.55630537210314	1.114020379241474
I6	198	3589.0	579194.6666666666	143.63463424364483	2314.6666666666665	327996.3333333333	128.8898830078389	1.1143980496507175
P21	381	417094.6666666667	73802230.0	177.25741078699616	296719.6666666667	47072217.666666664	158.94869023890047	1.1151863568084621
C8	56	391120.0	65846658.666666664	168.51739547232	286006.3333333333	43206617.333333336	151.0820579662957	1.1154030977650164
G2	146	537045.6666666666	82851550.33333333	159.47577343014072	341150.3333333333	46837902.666666664	142.74726614515316	1.1171896859164863
L24	288	584725.0	98759118.0	169.22880774130726	394038.3333333333	59701440.666666664	151.470548767512	1.1172390218315766
E18	114	533521.6666666666	92532647.33333333	173.8931799373036	404345.6666666667	62909972.0	155.4864603980226	1.1183814943896884
M1	289	570070.3333333334	95677804.33333333	166.2902996135559	373200.6666666667	55612935.666666664	148.6017809747781	1.1190330191384452
L12	276	1981.5	322603.5	156.19546440926808	1385.0	200320.5	139.5534689140594	1.1192517507784578
N20	332	423911.3333333333	73457697.33333333	173.06367616830684	286134.0	44217256.333333336	154.61015430277482	1.1193551739777343
F19	139	2753.0	427255.3333333333	143.21168882605772	1591.6666666666667	222412.66666666666	127.86344990428957	1.120036170878049
N2	314	450579.3333333333	74499348.66666667	165.88269514621004	299491.0	44160358.0	148.0854540861678	1.1201822364652128
H10	178	363462.0	61980009.0	170.38416582885495	260794.33333333334	39613513.0	152.09701764527685	1.1202334435394892
B4	28	1660.0	269841.0	164.64789539314495	1097.0	161468.0	146.64818645476123	1.1227407537285594
M21	309	369025.3333333333	64537135.333333336	174.57350404127962	248967.0	38716341.333333336	155.4820171391879	1.1227890353712158
F4	124	2445.5	367563.0	155.05338403257116	1411.0	194400.5	137.98841433736615	1.1236695832556136
I2	194	442125.3333333333	74571929.66666667	166.0634917016237	283791.0	42148516.0	147.78141408915928	1.1237102630607831
H2	170	457862.3333333333	76510683.66666667	164.65895179820538	293507.3333333333	43046472.0	146.40312933583186	1.1246955754647618
B10	34	655605.3333333334	109308874.0	166.99019012183442	456726.0	67048049.666666664	148.4401538732598	1.1249664310130862
N22	334	465838.3333333333	80572321.0	172.91173837189876	323621.0	49749813.666666664	153.69498864311296	1.1250317261378509
P3	363	431015.3333333333	72505978.33333333	166.8425772953351	284242.3333333333	42205936.666666664	148.21179436242514	1.1257037809511419
P11	371	446447.3333333333	75679236.33333333	167.9895352574308	327858.3333333333	49080071.666666664	149.18163867220144	1.1260738034025497
F10	130	464117.6666666667	79898520.0	170.13376881748567	330067.0	49762824.666666664	151.0447977739531	1.1263795332567512
G11	155	479497.6666666667	82040945.0	170.07453379016363	337715.0	50991111.666666664	150.6407412053334	1.1290075475554164
M2	290	406587.0	68444532.0	166.50369354058304	262951.0	38786241.666666664	147.36051609964423	1.129907100949581
L16	280	317170.6666666667	53700904.666666664	169.50262291106284	210839.33333333334	31589121.666666668	149.94349286922716	1.1304433401381022
P10	370	384397.0	65034320.333333336	169.0143747742037	304958.0	45613010.333333336	149.4794201807565	1.1306865826066541
L10	274	711085.3333333334	111597804.0	156.77046131270626	575232.3333333334	79936864.33333333	138.62281592251566	1.1309138417757607
N16	328	327921.3333333333	56965052.0	173.7566355366354	228828.66666666666	35162832.0	153.5808991634507	1.1313687866335016
J9	225	242209.33333333334	41257836.0	170.47310717389564	170894.66666666666	25738450.333333332	150.62562912662727	1.1317669387497336
C3	51	233411.0	39733714.0	166.52302964105812	158610.0	23368617.666666668	147.12283980415472	1.1318638891332462
A12	12	863864.3333333334	146442177.33333334	169.71124859081672	614660.0	92028673.66666667	149.89984520568726	1.1321642684683562
P9	369	333876.6666666667	56577717.666666664	169.26807687081575	249519.66666666666	37344581.333333336	149.47170019160822	1.1324423061611695
B12	36	900289.6666666666	152736400.66666666	170.12113963377502	609324.0	91295007.0	150.11054427955435	1.133305727790544
O9	345	374856.6666666667	62916012.0	168.25363552045582	285347.0	42325442.333333336	148.41319937862508	1.133683770883577
K23	263	494872.3333333333	85012687.33333333	173.290072343329	320299.0	48892583.0	152.79679701864816	1.134121105445553
M22	310	332619.3333333333	58111221.333333336	174.50712135767944	227705.33333333334	35043754.333333336	153.8500026931616	1.1342679122711254
K24	264	397646.3333333333	68568266.0	172.32868783310482	273425.6666666667	41516715.666666664	151.8416412768229	1.1349237691585006
K2	242	462730.3333333333	77890454.66666667	167.88668479016874	296827.0	43971521.333333336	147.8801673468922	1.1352887124907423
E12	108	488210.0	84818053.33333333	173.24039910430102	333516.6666666667	50797870.333333336	152.37243145185755	1.1369536959777187
K17	257	335409.0	60107348.0	178.8841821905602	273427.6666666667	43094334.333333336	157.3249649855973	1.137036211684119
D12	84	296081.0	52644300.666666664	176.52030819259733	226681.33333333334	35213773.0	155.18620304234742	1.1374742388949888
D7	79	242712.66666666666	41930763.666666664	172.65350679611097	175374.0	26558282.666666668	151.7519471950395	1.1377350339643926
O20	356	431028.6666666667	73602049.66666667	171.37907554532458	293392.6666666667	44095537.333333336	150.38479398940237	1.1396037524738152
C12	60	941655.0	160451257.0	170.4323210998629	665224.0	99443416.33333333	149.52202304359878	1.1398476132854818
J10	226	265763.0	45726663.666666664	171.7866988909085	190164.33333333334	28673059.333333332	150.60482321551868	1.1406454004801567
I10	202	245222.0	42380728.0	172.51448758461405	178370.0	26947932.333333332	151.21994464691565	1.1408183489778358
H8	176	591929.0	101945850.0	171.30614974951322	407434.6666666667	61089696.0	150.08257116632242	1.1414126798219009
O8	344	362795.3333333333	62103988.0	170.82834873636583	263092.3333333333	39339191.0	149.61001484818897	1.1418242883653702
F18	138	496084.0	87939035.66666667	177.00416460186963	378602.3333333333	58704399.333333336	155.01797095795934	1.1418299666035039
J16	232	625892.3333333334	105332702.33333333	168.3012471513625	415135.6666666667	61288780.333333336	147.3948709434685	1.1418392381910791
A24	24	458753.3333333333	79251820.0	171.02085141659305	343598.0	51388814.666666664	149.76764807285258	1.1419078393579507
H11	179	342132.3333333333	59153122.333333336	171.24787283269654	238160.33333333334	35853239.0	149.94303814756833	1.142086187850621
J20	236	368306.0	66294667.333333336	179.7979258184372	251057.0	39475259.666666664	157.32774234752858	1.1428240381233792
L2	266	512396.0	88784222.33333333	171.29609794421899	316443.3333333333	47805043.333333336	149.8471154214468	1.1431391085670664
O3	339	314544.3333333333	53446150.333333336	169.89141000528605	215133.33333333334	31957759.0	148.60856679232344	1.1432141071833686
M20	308	361387.0	63176655.0	174.75918915553504	254567.33333333334	38830428.0	152.722924639097	1.1442891731448468
N3	315	289739.0	48704149.666666664	167.8511430293153	195249.66666666666	28685853.333333332	146.65640040579646	1.1445197247775973
J2	218	681064.0	117378908.0	171.71782167389253	432433.0	64789549.666666664	149.8993647383849	1.1455540320239967
I8	200	487019.6666666667	83972794.66666667	170.8926254191275	331388.0	49464205.333333336	149.16825020578776	1.1456367235210543
J8	224	855004.3333333334	146664120.33333334	172.13573615235546	547470.6666666666	82100166.33333333	150.22688013863691	1.1458384544330547
K9	249	618290.6666666666	106114033.33333333	171.4082671016308	393619.0	58878781.333333336	149.47471732502385	1.1467375230348404
B7	31	3710.0	580666.0	156.51374663072775	2707.0	369273.0	136.41411156261543	1.1473427846860724
A3	3	296350.6666666667	49735557.333333336	167.49567881759526	202608.33333333334	29505011.0	145.9361395941115	1.1477326951599978
C7	55	155888.33333333334	26874487.333333332	172.095243305846	117580.66666666667	17623112.0	149.93784215067626	1.1477772444724341
A22	22	356696.3333333333	55050444.666666664	154.41983656188566	259402.0	34859538.333333336	134.48144906853344	1.1482612481606393
M18	306	5274.0	875576.5	165.98709412785877	3718.5	537477.5	144.48189031171324	1.148843593960108
E3	99	645026.3333333334	111610449.0	170.5058559048496	416049.0	61971939.333333336	148.36138381809076	1.149260350078095
L21	285	348851.6666666667	61837865.666666664	177.04297996921943	237953.33333333334	36596268.0	154.04589073913945	1.149287261865512
K16	256	299536.3333333333	50336640.666666664	167.24929816397582	204185.66666666666	29801070.333333332	145.5097332118181	1.1494028232497102
P7	367	499612.0	85852045.66666667	172.18852250477107	365071.3333333333	54617399.333333336	149.7858390383515	1.1495647626654717
E21	117	4138.333333333333	653785.6666666666	160.86501217753386	2516.3333333333335	353694.3333333333	139.91469286210057	1.1497363778376146
D3	75	88206.33333333333	15302023.333333334	172.82990264247874	61780.333333333336	9260024.333333334	150.13979625587675	1.1511265297571887
J24	240	371153.0	64125898.0	172.8292926840902	259863.33333333334	38965065.333333336	150.03686888354858	1.1519121531270557
O11	347	543063.6666666666	94021445.33333333	173.1006720743878	391874.0	58867947.666666664	150.26367547144812	1.1519794889303037
F12	132	484958.0	84170991.33333333	172.85000347606692	332080.0	49748737.333333336	150.03239424807308	1.1520845504222625
N10	322	339134.3333333333	59014268.666666664	173.9891081642219	248438.33333333334	37479057.0	150.83691238290842	1.1534915785238316
O10	346	227685.66666666666	39624214.0	174.4749959649796	167603.33333333334	25349554.0	151.2400432515083	1.1536296354718185
I12	204	419358.0	72356191.66666667	168.22903322539074	288813.3333333333	42584168.0	145.71216401286622	1.1545297838726511
P12	372	399738.0	68986210.0	172.61386312770824	290733.6666666667	43458399.666666664	149.48708425728498	1.1547075386835384
D15	87	941.0	158118.5	151.12757425837873	492.0	75327.5	130.85196678321677	1.1549507277086075
N9	321	322997.0	56007815.666666664	174.2821888722186	233017.33333333334	35155487.666666664	150.84305196094166	1.1553875807110168
O7	343	371980.0	64095304.0	172.39049405675883	270776.0	40384517.0	149.1709641700231	1.155657168376752
L17	281	644936.3333333334	110740272.66666667	172.68358611866924	482867.0	72023098.33333333	149.37687850036096	1.156026206011876
I9	201	1056795.0	182421293.0	172.761347768885	699546.6666666666	104475673.33333333	149.3856897019989	1.1564785630639514
M9	297	260256.33333333334	45104908.333333336	173.38319891001592	187346.0	28078465.333333332	149.90368999411376	1.1566306267499094
M3	291	327162.6666666667	56324133.0	171.25040847233103	219364.33333333334	32496889.666666668	148.05856757433045	1.1566396411768436
O12	348	380918.0	65874414.0	172.7684481224537	278243.6666666667	41564189.0	149.36843302024187	1.1566597080056449
F3	123	252788.33333333334	43007097.666666664	169.58857935481797	166781.0	24606505.666666668	146.5201295771564	1.1574421879385104
L22	286	597084.0	106422996.0	178.76885181209013	409989.3333333333	63161687.666666664	154.40405658128986	1.1577989320375972
H3	171	396980.0	69083687.0	172.55562011738195	259227.0	38678167.666666664	149.03035527922268	1.1578555240916015
N11	323	725316.6666666666	126921965.33333333	174.73246277100034	505147.0	76179420.66666667	150.81027223832126	1.1586244105101509
E6	102	329709.6666666667	58488158.333333336	175.00409226481295	233602.66666666666	35170562.666666664	151.00243798499352	1.158948786523597
E13	109	175149.33333333334	31176367.333333332	178.90411607763613	132205.0	20397563.333333332	154.28724108530034	1.159552240478044
B13	37	251462.0	43360266.0	172.23715009249145	183822.33333333334	27321682.333333332	148.52577244561448	1.1596448700885185
E7	103	554417.6666666666	96381251.66666667	174.17711884634642	379984.0	56932563.666666664	150.18537059313346	1.1597475716740009
M8	296	629692.0	109454512.66666667	175.57047992892555	412110.0	62345718.0	151.3263722816024	1.1602107238929076
G18	162	275561.0	49359605.0	179.10518365992445	212346.33333333334	32771211.666666668	154.35175487416393	1.1603702452618105
A7	7	258828.0	43748639.666666664	169.76198116345142	192126.33333333334	28184848.666666668	146.28967063760146	1.1604509082804426
J11	227	185845.33333333334	32531937.0	175.27028882117395	132104.33333333334	19909688.333333332	151.02631047231668	1.1605281773290834
C13	61	619883.0	107483533.66666667	174.42333423625573	416508.0	62478899.333333336	150.25034649164672	1.160884738764665
F7	127	158563.66666666666	27882628.0	175.92829985940284	112503.0	16957860.333333332	151.259990941388	1.1630854845652716
N7	319	306066.6666666667	53372159.666666664	174.29388554031343	217036.66666666666	32512169.333333332	149.8327288521548	1.1632564318593925
H7	175	784494.6666666666	137252063.66666666	174.9357982943197	522743.0	78524764.33333333	150.37955118278038	1.1632951216997063
O6	342	593439.3333333334	101654045.33333333	172.93761077206116	378954.3333333333	56446759.666666664	148.64043574826954	1.1634627542732732
M11	299	763854.6666666666	125975294.0	167.4855100735122	491595.6666666667	70361273.0	143.90292203306123	1.1638784515788563
L15	279	892085.3333333334	155482616.33333334	174.84334750691073	548836.0	82678659.66666667	150.18981179245807	1.164149188418456
N8	320	405863.0	70814070.0	174.32269566081072	293702.6666666667	43971452.666666664	149.74142132230915	1.164158147568213
H14	182	183921.33333333334	31673365.333333332	171.9862444099458	130635.0	19291760.666666668	147.66865748279912	1.164676698100132
L3	267	408839.6666666667	70397089.66666667	172.1596777823165	280155.6666666667	41301668.0	147.7756294254994	1.165007237334152
G13	157	319257.3333333333	56735190.666666664	173.99228189391056	220368.66666666666	32991892.0	149.34865146533627	1.165007384979931
A13	13	477440.3333333333	83006663.33333333	174.13786315380196	352833.0	52682272.666666664	149.45430363590265	1.1651579039037434
L8	272	865702.6666666666	151249817.0	174.88839343771147	580193.0	87010543.33333333	150.08623117568735	1.1652527488213846
K3	243	412020.0	72004237.0	174.14016799798483	272901.3333333333	40689994.333333336	149.23468690944028	1.1668880178216066
K11	251	282354.3333333333	49117240.666666664	174.0108765469444	202887.0	30239344.0	149.05994674986604	1.1673885597111335
B19	43	535897.6666666666	94574111.66666667	176.16154791925547	395307.0	59571821.0	150.87741043732828	1.1675806696883213
C19	67	585284.0	103847401.33333333	176.4307217149782	431255.6666666667	65028610.666666664	151.05936871024045	1.1679561699572878
I3	195	319418.0	55675897.333333336	173.65068275833372	210040.66666666666	31146074.333333332	148.47878304486838	1.1695319640777142
G7	151	581905.6666666666	102242929.0	175.09495567507005	399377.3333333333	59571436.0	149.67246347170183	1.169854170992347
D24	96	378658.3333333333	62354264.333333336	157.731476673879	274152.3333333333	37740630.333333336	134.8117688316748	1.1700126631438357
I11	203	759382.6666666666	133332601.0	176.19037615237733	512035.0	77239019.33333333	150.57523071422023	1.170115266080997
C14	62	145442.66666666666	25022825.333333332	172.31369474993514	104078.33333333333	15289589.333333334	147.2446649442121	1.1702542487038234
I13	205	804536.3333333334	141790990.33333334	174.42516474765384	526416.0	78280302.0	149.03728696733057	1.1703458127622006
F24	144	805022.6666666666	145066986.0	180.05108271483928	525925.0	80805085.0	153.75717654447027	1.171009293753285
G12	156	229718.33333333334	40899504.0	175.92760420688728	164969.66666666666	24796942.333333332	150.21423399923583	1.1711779870859793
N12	324	471650.0	82081251.33333333	173.6482362026327	329133.6666666667	48899108.666666664	148.22317828696666	1.1715322678241455
M12	300	660576.3333333334	116782349.33333333	177.9518884976586	431279.6666666667	65434802.333333336	151.8750402628691	1.1716993667271134
F6	126	706239.0	122283399.66666667	172.5769352857218	463391.0	68678555.66666667	147.27611396679586	1.1717917497784476
P13	373	456206.0	79716035.0	174.66782729789497	326441.3333333333	48624680.0	149.04207052409694	1.1719363981168986
J12	228	661557.6666666666	114775807.66666667	171.59119346287608	429529.3333333333	63528166.0	146.38566175732947	1.1721857960879463
O15	351	514212.0	90365619.33333333	174.80359467645727	343705.3333333333	51346989.0	149.1189532699885	1.1722426347773862
N15	327	401227.6666666667	69724281.66666667	173.45386353458176	266542.0	39480590.666666664	147.93391144284763	1.1725091417027356
I23	215	308094.3333333333	55811223.0	180.78874516465385	213894.33333333334	32968034.0	154.17265157190909	1.1726382294224893
O4	340	445657.3333333333	77715796.33333333	174.5503940737024	300506.0	44625950.666666664	148.69796634333963	1.1738586502970068
I7	199	679086.0	118684145.0	175.57506193896486	446787.0	67060151.333333336	149.52362124269698	1.1742295998435117
K8	248	841481.6666666666	146499731.33333334	174.42141475381698	557701.3333333334	82888880.33333333	148.53936106779437	1.1742437391676261
M7	295	571761.0	100272167.33333333	175.82529835891907	377328.6666666667	56678815.0	149.73319362955615	1.1742573179459157
A14	14	269981.3333333333	47173849.333333336	174.01049057668365	196447.0	29214487.0	148.15178710213092	1.1745419611896182
N13	325	306977.0	53984405.666666664	175.77652254986143	215671.0	32254282.666666668	149.52659115189377	1.1755536001707025
H12	180	1082938.3333333333	190418203.0	175.9541776131442	701748.0	105007380.33333333	149.67643713093835	1.1755636423869298
I16	208	198086.66666666666	34805315.0	175.8787219735062	135093.0	20191134.666666668	149.58034789110397	1.175814366346759
D4	76	354043.3333333333	60912772.333333336	171.94264499621977	236370.0	34568773.0	146.22948782610035	1.1758411217352969
K21	261	713232.3333333334	127480980.66666667	178.96087776879486	463745.6666666667	70595682.33333333	152.03829171470247	1.1770776674116559
A19	19	345436.0	61296367.0	177.5494728183031	265249.3333333333	39997244.333333336	150.7938215742399	1.1774320125635296
L19	283	817476.3333333334	148129134.33333334	181.2848710406	511646.3333333333	79016516.0	153.91627907065893	1.1778147973378232
M4	292	286012.3333333333	49823073.666666664	174.03957040201445	194815.66666666666	28773609.666666668	147.75461511415452	1.1778960018781972
L14	278	318849.3333333333	56208539.0	176.34417105415957	219682.0	32926062.0	149.7088948078663	1.177913785820652
L4	268	447125.3333333333	78384828.0	174.53135629647605	294879.0	43776852.666666664	148.08913253121935	1.1785561392202921
F13	133	162817.66666666666	28825157.666666668	177.20018460978636	114809.0	17259924.333333332	150.2034936547428	1.1797341080301238
L11	275	327581.6666666667	58624783.0	179.4408051574134	234562.66666666666	35666087.0	152.0267256700961	1.1803240802989265
K14	254	756224.0	131339789.0	173.90233198477048	478330.3333333333	70749661.0	147.30422777081262	1.1805657897025281
M17	305	497960.0	89392614.0	179.47779474986928	365498.3333333333	55472024.0	151.9091521767688	1.1814811166941428
D14	86	177523.66666666666	31599454.333333332	177.22826289376178	122550.33333333333	18335796.666666668	149.9928596536083	1.1815779984663977
K12	252	388924.3333333333	68747874.0	176.55370215636808	267888.3333333333	39975233.666666664	149.36165503918406	1.182055073707173
K10	250	700108.3333333334	123073374.66666667	175.7292363896839	475426.0	70660427.66666667	148.63731973366183	1.1822686032321301
L20	284	388257.6666666667	70698457.33333333	182.62406842782056	273748.3333333333	42165820.0	154.3934488863225	1.1828485583108117
O17	353	541085.3333333334	97477480.0	180.5186568936756	374130.6666666667	57223351.666666664	152.60474144522263	1.18291643617425
L7	271	566812.3333333334	98519240.66666667	173.70813508744854	386085.3333333333	56866899.0	146.8404042839517	1.1829723292748604
P5	365	326232.0	56059078.0	171.79916867546726	233315.0	33891514.666666664	145.2096364470425	1.183111347697106
J21	237	475493.6666666667	86219821.33333333	180.24698543754585	327429.0	49844760.666666664	152.34988070363303	1.1831120878143724
I15	207	558746.3333333334	98189747.0	173.19485701490603	362221.6666666667	53629540.333333336	146.35106542991693	1.1834205409173724
I22	214	418357.0	76127997.0	180.8797694430792	276686.6666666667	42546521.333333336	152.83712279619388	1.1834805977359295
O5	341	279779.6666666667	49008753.0	175.39001862695662	204424.66666666666	30319774.0	148.19444950658328	1.183512737561505
H16	184	424683.3333333333	76707865.33333333	179.776630413392	276196.0	41999710.333333336	151.8866048208475	1.1836239978202239
P4	364	476658.6666666667	81809378.66666667	171.61823986037018	335922.6666666667	48726730.333333336	144.94832000452888	1.1839960604925122
G3	147	553400.3333333334	97097095.0	175.7761057459471	353398.3333333333	52568363.0	148.42623277052743	1.1842657626277129
N4	316	319276.0	57029994.0	178.10551247664247	220724.0	33187518.0	150.3557705715041	1.1845605379804265
I24	216	426161.0	75579091.33333333	176.81838341492872	298450.0	44703552.0	149.24341628415587	1.1847650490542965
M6	294	437946.6666666667	76303416.0	174.03052520734718	304157.6666666667	44698128.0	146.8851229518176	1.1848070227264202
G23	167	642593.3333333334	118172122.33333333	183.97127461018496	432125.3333333333	67184548.66666667	155.2723219593383	1.1848298028180588
F16	136	122560.66666666667	21503078.333333332	175.56182424172076	82356.33333333333	12261720.666666666	148.15073107976207	1.1850216530298523
P14	374	618790.3333333334	108106803.0	175.00868307022995	416072.6666666667	61713184.0	147.65696839664636	1.1852382245862554
J23	239	376307.0	67737530.33333333	179.99861512803918	286834.0	43549662.666666664	151.83823994649785	1.1854629979342752
G16	160	127223.66666666667	22477204.666666668	176.6600351138492	87560.66666666667	13048016.0	149.00528322654213	1.185595780823837
I4	196	393011.6666666667	69468047.66666667	176.2344796545516	256677.33333333334	38209898.666666664	148.5250114712274	1.1865643227955052
B14	38	532600.6666666666	93489607.33333333	176.2645254542872	367131.0	54476725.666666664	148.54146699829812	1.1866351465096727
K22	262	561302.0	101986510.66666667	181.0405183041272	372498.6666666667	56978950.333333336	152.51558499142763	1.1870296292297136
J7	223	417592.3333333333	73875540.66666667	177.31589565863655	284763.0	42676015.666666664	149.37694842946493	1.1870365375844067
O19	355	339557.0	61504834.0	181.31734887838346	235820.33333333334	36004495.666666664	152.71925614480486	1.1872592458573956
J4	220	295844.0	51472428.0	173.59367484761387	201517.66666666666	29508559.0	146.19856968890394	1.1873828534506459
M10	298	265093.6666666667	48774403.666666664	183.9240091794891	197621.66666666666	30593474.0	154.80290796181853	1.188117275063419
I5	197	568156.6666666666	96172630.33333333	169.49140470592454	394229.6666666667	56187698.666666664	142.63396720338793	1.1882962244486928
A15	15	284185.0	49561880.666666664	173.1816533832745	201960.33333333334	29446460.666666668	145.7385153414169	1.1883039495603989
O13	349	340548.6666666667	60076516.333333336	176.52762330719736	247472.66666666666	36736568.0	148.52069942151306	1.1885725289119364
P15	375	334654.3333333333	58720326.0	175.4061478379741	231539.0	34171204.0	147.56547750945265	1.18866655533804
H13	181	122974.66666666667	21784930.333333332	177.30852712915313	87031.33333333333	13004629.0	149.14970903489552	1.1887956622675642
K7	247	759458.6666666666	135854936.0	179.59285633774763	522295.6666666667	78927899.33333333	151.01652685547126	1.1892265043919665
M13	301	495957.0	87506772.33333333	176.46452830190674	335584.0	49782273.666666664	148.34741150872398	1.1895356077145254
C4	52	204204.0	35375079.0	173.43318587137423	140857.0	20510701.333333332	145.76510502223462	1.189812787120204
A6	6	159114.66666666666	27669254.333333332	173.20181676418352	111839.66666666667	16223474.333333334	145.55495082606424	1.1899410894731903
G6	150	462461.0	81459286.66666667	176.50129660598466	301259.0	44872356.0	148.19839501697422	1.1909798117973458
J3	219	187698.33333333334	31772061.666666668	170.0158213564662	135683.0	19349476.333333332	142.69530712266507	1.191460495686208
N6	318	830325.6666666666	147439052.66666666	178.07172378307678	548928.3333333334	82085202.66666667	149.42078698471545	1.1917466597287572
H4	172	234274.66666666666	41412672.0	176.83305031724956	156752.0	23249637.333333332	148.32291925197936	1.192216625785497
K5	245	897256.0	159051728.33333334	177.28744607037984	564070.6666666666	83876344.0	148.6881044156396	1.1923445171833937
E15	111	438280.0	79308415.0	178.068599922561	297823.6666666667	44872118.666666664	149.33925496288737	1.192376377977868
L13	277	667245.0	118262496.66666667	177.50956739538606	443401.6666666667	66080966.666666664	148.8537871735565	1.19250958115307
E23	119	765190.6666666666	138801343.33333334	181.60694932986837	497821.6666666667	75992735.33333333	152.27630066101256	1.1926146651943546
K15	255	943664.3333333334	167319574.0	177.4314260815097	595881.0	88682418.66666667	148.7526705901249	1.1927948948923857
J14	230	360894.0	65130724.333333336	179.0404451859586	233201.0	35069920.0	150.04844669539682	1.1932175849138675
K4	244	518446.3333333333	91852503.66666667	177.1731679919554	335663.0	50106198.333333336	148.4626573948589	1.1933854014261416
C6	54	176788.66666666666	30968116.333333332	174.77705623263486	119979.66666666667	17593181.666666668	146.3878330993966	1.1939315756792583
G5	149	619505.3333333334	109071207.33333333	175.87729780248046	389863.3333333333	57611194.333333336	147.2830933793989	1.1941445129036183
A4	4	131710.66666666666	22828235.0	173.15281686340882	90513.0	13100146.666666666	144.9938060158599	1.1942083708352949
I14	206	860567.0	152431154.66666666	177.6922883160514	566199.3333333334	84222298.0	148.788902697386	1.194257670395288
H5	173	477813.3333333333	84793347.66666667	177.26293832618384	311119.0	46012882.666666664	148.307962440161	1.1952354776481104
O14	350	462072.3333333333	82339573.33333333	178.40925156679168	319688.3333333333	47706653.666666664	149.26543724809127	1.195248242701095
N5	317	339956.6666666667	58580306.0	172.5557903889252	242137.0	34929726.666666664	144.3005420562209	1.1958083312098424
H15	183	273183.0	48590932.333333336	177.16789857187248	184545.66666666666	27401206.333333332	148.1531398335685	1.195843022772912
G15	159	243047.66666666666	42682255.333333336	175.55663282200769	164140.33333333334	24106712.666666668	146.781038278339	1.1960443588708094
E16	112	126558.66666666667	22010112.666666668	174.20626104068006	86129.0	12541477.333333334	145.6385161847827	1.1961551490929176
E4	100	167091.66666666666	29763032.333333332	177.5351867594617	115473.0	17152434.666666668	148.40889685289795	1.1962570339393708
D5	77	438490.3333333333	78095478.33333333	178.0531349775854	283446.6666666667	42152645.666666664	148.82370665631768	1.1964030393945768
M19	307	570502.3333333334	107004536.33333333	187.48576493599072	380834.0	59638842.333333336	156.7030732876681	1.1964396166743534
J18	234	454707.6666666667	81987972.66666667	180.1926055896159	325805.3333333333	49119781.666666664	150.57843845984317	1.1966693733357472
L18	282	670661.0	121515821.33333333	181.53285938816757	447723.3333333333	68026263.0	151.57361218918834	1.1976547683087821
J15	231	729366.3333333334	129384016.66666667	177.27705363778088	459963.3333333333	68325868.0	147.9823831935672	1.197960526192466
H6	174	378397.6666666667	67381402.0	177.67694806736122	259476.33333333334	38549687.0	148.2955344386559	1.1981274334383905
G21	165	368498.6666666667	61920554.333333336	168.12041324950175	303625.6666666667	42597595.333333336	140.31505013907926	1.1981637969901449
B5	29	318686.6666666667	56773898.333333336	176.34611519019813	210012.66666666666	30948469.666666668	147.17501013275455	1.198206917268976
K13	253	910330.3333333334	161647881.0	177.70688298151325	592788.0	87920256.0	148.26588572718285	1.1985689230528958
I18	210	458723.0	85797552.0	187.2496488848042	353967.6666666667	55206477.333333336	156.1273651388507	1.1993390698566848
L6	270	348923.6666666667	61884716.666666664	177.3051704055445	238854.66666666666	35309635.666666664	147.82978647719787	1.1993873131440467
N17	329	413791.0	75419550.66666667	182.56331249925483	298277.0	45389932.666666664	152.1058742689778	1.2002384087837223
E19	115	402461.6666666667	73531011.0	182.77241032082043	305878.0	46602635.666666664	152.19580878331857	1.2009030457667453
H21	189	372664.3333333333	68002716.33333333	182.4699670588017	258437.33333333334	39240341.0	151.83143008950776	1.201793113265362
E14	110	270861.0	48780986.0	179.27628873707704	184644.33333333334	27533630.666666668	149.05818911741568	1.2027268665920665
M5	293	422778.3333333333	75549435.33333333	179.0687535146686	288234.6666666667	42884998.666666664	148.85617809597844	1.202964873914806
J22	238	616569.0	111851701.66666667	181.8560427082908	390930.6666666667	59534520.0	151.15821582713866	1.2030840779191092
J5	221	383449.3333333333	68028014.33333333	177.25459289760616	253965.33333333334	37395895.333333336	147.29814123566564	1.2033729102800592
N14	326	457339.3333333333	82814832.0	179.8996696700619	316717.0	47489477.0	149.4939700888732	1.2033908094293886
I21	213	495639.0	93472308.66666667	188.1503266378136	333823.3333333333	52413757.333333336	156.26557853037502	1.2040420443664168
B16	40	297213.0	53842444.666666664	178.8804018254948	205329.0	30530657.0	148.55938745655735	1.204100292065381
B24	48	31655.666666666668	5421974.333333333	170.98460164974574	22887.333333333332	3246104.0	141.9329175181099	1.204686020971344
C16	64	298969.3333333333	53330084.0	178.37249870117182	200172.66666666666	29664111.666666668	147.95272668011174	1.205604673219917
G24	168	410154.0	72483531.33333333	177.09223187420773	287037.3333333333	42095983.666666664	146.82720925946302	1.206126798754735
F14	134	366779.6666666667	66246379.333333336	179.98057212210722	239518.66666666666	35914633.0	149.21546102676416	1.2061791109556994
D16	88	326146.3333333333	59094067.0	180.7335273148592	217756.33333333334	32576684.666666668	149.8111065917362	1.2064094006554031
F15	135	191581.33333333334	33880931.666666664	175.9728758696618	130635.0	19100421.666666668	145.83366285989013	1.20666842221969
C15	63	92079.66666666667	16134948.0	175.32868197068083	62779.333333333336	9121335.0	145.2316176421139	1.2072349314646722
H22	190	352297.3333333333	65506586.333333336	185.89897950848206	245075.66666666666	37675372.333333336	153.987172670924	1.207236786571533
M15	303	210090.33333333334	37336792.666666664	177.8717748119523	144578.33333333334	21289892.666666668	147.19664500397027	1.208395577271171
A16	16	324493.0	56684127.0	174.55204687421624	216203.0	31059211.0	144.2126796646668	1.2103793319706464
M14	302	320385.6666666667	57457233.333333336	179.32699354487264	220467.66666666666	32661959.666666668	148.15191920607708	1.2104263954585124
J13	229	308359.6666666667	55872882.0	180.6222992532254	209726.66666666666	31324640.666666668	149.2018252744056	1.210590412825263
K19	259	454155.6666666667	84428783.66666667	184.96154716394219	309057.0	47355937.0	152.71024522931134	1.2111927846504467
P6	366	351808.0	65085827.333333336	185.10320949307825	271886.6666666667	41508232.0	152.70518188472457	1.2121606301010177
G4	148	161714.33333333334	28817437.0	178.22508113217364	107043.0	15724209.666666666	147.00600097491338	1.2123660255378814
I20	212	429679.0	78994858.0	183.76736947454302	294851.6666666667	44711713.666666664	151.573178829196	1.2124003131294478
F22	142	404613.6666666667	74208632.66666667	183.90437744206008	275035.3333333333	41561310.0	151.5463160815878	1.2135192870214786
F5	125	205149.33333333334	36731012.0	179.1943804414907	144832.33333333334	21371207.666666668	147.63784262504078	1.2137428809265032
P18	378	473173.0	86191609.0	182.117210727841	328332.0	49267300.666666664	150.0283219013185	1.213885541208873
B23	47	580878.6666666666	103553659.33333333	178.81710733578447	416249.6666666667	61313405.666666664	147.14555755064782	1.215239592090541
K6	246	337139.3333333333	59907077.666666664	178.30773744362787	227154.0	33453578.0	146.59557887101872	1.2163241130246563
H19	187	384682.0	71440291.0	185.6090130028879	265989.3333333333	40618893.0	152.52085702994464	1.2169418440026667
O18	354	347490.3333333333	64083810.333333336	184.41839079829302	243588.33333333334	36877265.666666664	151.42117911143632	1.217916752996441
H24	192	473182.6666666667	87094133.33333333	184.0898076587752	335738.0	50683879.333333336	150.9651295996597	1.219419399347107
F23	143	451145.0	83307663.0	184.3769144472192	311963.0	47097953.0	151.14953518506573	1.2198311706448204
B22	46	562603.0	100215916.66666667	178.45687066756705	383708.0	56023884.333333336	146.20663116247738	1.2205798687013754
G14	158	309832.6666666667	57481444.333333336	184.44079480164567	218480.33333333334	33108543.333333332	151.08892272949777	1.2207433309446483
N18	330	532423.6666666666	100081313.0	189.23780285437158	367049.0	56766488.333333336	154.93056422521624	1.2214362208045941
P17	377	367585.3333333333	68210330.33333333	185.35398401454407	267065.6666666667	40590932.0	151.73768686176751	1.2215421748415136
K18	258	400070.3333333333	75433834.33333333	188.9007130024706	293791.3333333333	45422857.0	154.52895418447952	1.2224292463466584
B15	39	336196.6666666667	60252791.666666664	178.13890648178779	233888.0	34008270.666666664	145.700540117644	1.2226372416873117
C21	69	478799.0	88700080.0	184.82527852632438	329035.6666666667	49859427.0	151.07368967623685	1.2234114287035678
C5	53	419004.3333333333	73829678.33333333	179.13366093569257	276164.3333333333	40504125.333333336	146.11557826830224	1.225972364197618
F20	140	655672.0	122917520.66666667	187.55494006107529	443534.0	67727369.0	152.6368697693368	1.2287656340470443
C20	68	365350.3333333333	65719272.333333336	180.2756701711336	278527.3333333333	40778899.666666664	146.41942017202908	1.2312278655340023
I19	211	403145.3333333333	74955630.0	185.87731720053173	282053.3333333333	42595538.0	150.93913326856156	1.2314720058038606
P19	379	660531.6666666666	128998813.33333333	196.79046761847349	448406.6666666667	72032438.0	159.47222827392685	1.2340108980006523
D21	93	419869.3333333333	78202980.33333333	186.19775620118776	299298.0	45167627.0	150.87913078552972	1.234085557305221
F21	141	383592.0	71715627.33333333	187.3441241913139	266048.3333333333	40317425.0	151.75937502559742	1.234481389763989
E24	120	502961.6666666667	92200279.33333333	183.42951418187678	348570.6666666667	51640606.666666664	148.27498568253915	1.2370900819009651
C22	70	640052.0	119934081.66666667	187.82353505921833	430734.3333333333	65411256.666666664	151.8127144273304	1.2372055645518778
C24	72	712560.6666666666	130130530.33333333	182.7953039699308	478946.0	70635219.0	147.5184522014606	1.2391351810029425
D23	95	503866.0	93288975.0	185.24894471940675	349135.3333333333	52184145.666666664	149.39170461357978	1.2400216276973088
J19	235	390655.0	72854769.0	186.49443929663244	271137.0	40740668.0	150.3422384140728	1.2404660278037714
B21	45	544248.3333333334	100238960.33333333	184.10791395747665	374460.0	55513104.333333336	148.18668489155732	1.2424052410120816
E22	118	607045.3333333334	111904558.66666667	185.15812181689657	417904.3333333333	62285220.0	148.9737989684369	1.2428905156411165
G20	164	470921.0	88437286.0	188.15360762714508	328206.6666666667	49606302.0	151.29915778320654	1.2435866159727507
D20	92	471804.0	88406361.0	187.7242347395488	321632.6666666667	48591200.666666664	150.88112964460956	1.2441863020360513
A23	23	353550.6666666667	66359564.0	187.79489251262166	251986.0	38036872.666666664	150.9258868723299	1.2442854993555859
A20	20	449255.3333333333	82504760.66666667	183.84151469112044	330667.6666666667	48750823.666666664	147.5433190443865	1.246017209602111
G22	166	338503.3333333333	62861559.333333336	185.7588943701954	237015.66666666666	35330871.0	149.01121772852972	1.2466101358128152
B20	44	397005.3333333333	73473536.0	185.2971414825795	287727.0	42654123.333333336	148.3075770791829	1.249411157082335
D22	94	461329.0	86555244.33333333	187.90825824602575	340437.3333333333	51078729.0	150.09831655188847	1.2519011709306314
E5	101	1288.0	269935.0	209.57686335403727	972.0	147202.0	151.4423868312757	1.3838718983446165
