	Well ID	Well Number	Position	Membrane Area (# pixels)	Membrane Total intensity	Membrane Mean intensity	W_O Membrane Area (# pixels)	W_O Membrane Total intensity	W_O Membrane Mean intensity
A1 - 1	A1	1	1	131415	18669493	142.06515998934674	87203	12955726	148.56972810568445
A1 - 2	A1	1	2	371004	55486785	149.558454895365	245643	36076526	146.86567905456292
A1 - 3	A1	1	3	147188	22150207	150.4892178710221	100221	14812630	147.79966274533282
A2 - 1	A2	2	1	1307	223980	171.36954858454476	947	143728	151.77191129883843
A2 - 3	A2	2	3	3922	504484	128.62927078021417	3111	398327	128.03825136612022
A3 - 1	A3	3	1	169748	28293916	166.68188137710018	123929	18273405	147.45059671263385
A3 - 2	A3	3	2	420343	71060660	169.0539868631094	281977	40902363	145.0556712072261
A3 - 3	A3	3	3	298961	49852096	166.75116821257623	201919	29339265	145.30215086247455
A4 - 1	A4	4	1	99011	17017819	171.878064053489	65563	9460896	144.30236566356024
A4 - 2	A4	4	2	203725	35412654	173.82576512455515	140485	20236483	144.04728618713742
A4 - 3	A4	4	3	92396	16054232	173.75462141218236	65491	9603061	146.631766196882
A5 - 1	A5	5	1	843	88345	104.79833926453144	304	36130	118.84868421052632
A5 - 2	A5	5	2	7698	1107606	143.88230709275138	4707	643334	136.67601444656893
A5 - 3	A5	5	3	11963	1463052	122.29808576444036	5729	716624	125.08710071565719
A6 - 1	A6	6	1	180327	31838419	176.55935605871557	126290	18486912	146.38460685723336
A6 - 2	A6	6	2	236402	40849743	172.79778935880407	165739	23805905	143.63490186377376
A6 - 3	A6	6	3	60615	10319601	170.24830487503093	43490	6377606	146.64534375718557
A7 - 1	A7	7	1	82045	14069850	171.48942653421904	60335	8822836	146.23081130355516
A7 - 2	A7	7	2	189819	32128518	169.25870434466518	137941	20054391	145.383830768227
A7 - 3	A7	7	3	504620	85047551	168.53781261147003	378103	55677319	147.25436984102217
A8 - 1	A8	8	1	147881	23986930	162.20427235412257	114834	17174144	149.5562638243029
A8 - 2	A8	8	2	146222	24657882	168.6331878923828	111854	16571403	148.1520821785542
A8 - 3	A8	8	3	248034	41131433	165.82981768628494	198138	29707304	149.93239055607708
A9 - 1	A9	9	1	105458	17275490	163.8139354055643	82450	12391464	150.29064887810793
A9 - 2	A9	9	2	271792	43954708	161.721860834756	213117	31976792	150.04336585068296
A9 - 3	A9	9	3	57469	9125091	158.78283944387408	44485	6746427	151.6562211981567
10 - 1	10	10	1	5325	724772	136.10741784037558	3556	491583	138.2404386951631
10 - 2	10	10	2	2810	541612	192.74448398576513	2633	475511	180.59665780478542
10 - 3	10	10	3	2777	362117	130.39863161685273	1513	220330	145.62458691341706
11 - 1	11	11	1	100257	16472131	164.29906141217072	77748	11839629	152.28210371970982
11 - 2	11	11	2	684331	110893572	162.04668793317853	522017	78604352	150.5781459224508
11 - 3	11	11	3	798285	135076339	169.2081637510413	583956	87730017	150.23395084561164
12 - 1	12	12	1	486001	83207522	171.20854072316723	359987	54191076	150.53620269620848
12 - 2	12	12	2	916799	153715894	167.6658613283828	674288	101275409	150.19607200484066
12 - 3	12	12	3	1188793	202403116	170.25934372090012	809705	120619536	148.96726091601263
13 - 1	13	13	1	346618	60660084	175.005579629448	257573	38667768	150.12353002838032
13 - 2	13	13	2	207704	36150613	174.04870873935985	157562	23513366	149.23246721925338
13 - 3	13	13	3	877999	152209293	173.35930109259806	643364	95865684	149.00691366007425
14 - 1	14	14	1	191157	33311979	174.26502299157238	141124	21059194	149.2247526997534
14 - 2	14	14	2	114597	19746217	172.31006919901918	85888	12547713	146.09390135991057
14 - 3	14	14	3	504190	88463352	175.45637953945933	362329	54036554	149.1367072467288
15 - 1	15	15	1	97950	17093018	174.50758550280756	69300	9900593	142.86569985569986
15 - 2	15	15	2	208906	35166115	168.334633758724	161483	24168777	149.66762445582506
15 - 3	15	15	3	545699	96426509	176.70274088829188	375098	54270012	144.68222171272575
16 - 1	16	16	1	277171	48263466	174.12884464824964	187855	26778637	142.54950360650503
16 - 2	16	16	2	573233	100307107	174.98487874912993	378022	54278515	143.58559819269777
16 - 3	16	16	3	123075	21481808	174.54241722526913	82732	12120481	146.50293719479765
17 - 1	17	17	1	542813	85871874	158.1978950393598	428059	66486148	155.32005634737268
17 - 2	17	17	2	965455	156414142	162.01080526798245	612061	92040555	150.37807506114586
17 - 3	17	17	3	709749	110420992	155.5775238852045	553163	86045523	155.5518409582709
18 - 1	18	18	1	574912	95186896	165.56776689302015	451059	70013473	155.22021065980283
18 - 2	18	18	2	490846	74013225	150.78705948505234	389934	61611111	158.00394682176983
18 - 3	18	18	3	515851	86137314	166.98099645052545	401962	61673681	153.43162040192854
19 - 1	19	19	1	302526	54450568	179.98640777982718	231330	34955711	151.1075563048459
19 - 2	19	19	2	392185	69542120	177.3196833127223	298221	45051741	151.0683050489402
19 - 3	19	19	3	341597	59896413	175.34232736235975	266197	39984281	150.20560336893354
20 - 1	20	20	1	407169	75444077	185.28934422807237	300052	44320527	147.70948702224948
20 - 2	20	20	2	541416	98496989	181.9247842693973	399935	58591643	146.50291422356133
20 - 3	20	20	3	399181	73573216	184.31041557589162	292016	43340301	148.41755588734864
21 - 1	21	21	1	477310	71624353	150.0583541094886	312751	45587853	145.76405191350307
21 - 2	21	21	2	247252	35788126	144.74352482487504	168304	24402066	144.98803355832302
21 - 3	21	21	3	447403	68808705	153.79580601828775	286114	40292094	140.82531438517515
22 - 1	22	22	1	290342	44235516	152.3565863705561	214614	28683276	133.65053537979816
22 - 2	22	22	2	298066	46816910	157.0689377520415	220326	29956923	135.96635440211324
22 - 3	22	22	3	481681	74098908	153.83398556305937	343266	45938416	133.8274574236889
23 - 1	23	23	1	347380	66195272	190.55579480683977	252625	38309086	151.64408114794657
23 - 2	23	23	2	377491	69638672	184.47770145513402	265335	40108829	151.16297887576084
23 - 3	23	23	3	335781	63244748	188.35118127589112	237998	35692703	149.97060059328228
24 - 1	24	24	1	337981	66266433	196.0655569395913	253223	38571698	152.3230433254483
24 - 2	24	24	2	405825	51924971	127.94916774471756	325239	47953685	147.44137388197603
24 - 3	24	24	3	632454	119564056	189.04782956547038	452332	67641061	149.53852701113343
B1 - 1	B1	25	1	1332	138133	103.70345345345345	872	92938	106.5802752293578
B1 - 2	B1	25	2	2295	277248	120.80522875816993	1454	185330	127.46217331499312
B1 - 3	B1	25	3	1202	149321	124.22712146422629	823	110805	134.63547995139731
B2 - 1	B2	26	1	245404	37677902	153.5341803719581	159002	23170823	145.72661350171697
B2 - 2	B2	26	2	158165	24574906	155.37512091802864	104120	15323255	147.16917979254706
B2 - 3	B2	26	3	279406	44684919	159.92827283594482	184094	26990487	146.61252946864101
B3 - 1	B3	27	1	3569	559067	156.6452787895769	2633	358194	136.0402582605393
B3 - 2	B3	27	2	2215	232069	104.77155756207675	1231	141055	114.58570268074736
B3 - 3	B3	27	3	657	67627	102.93302891933028	132	13450	101.89393939393939
B4 - 1	B4	28	1	1186	203966	171.97807757166947	759	109970	144.88801054018447
B4 - 2	B4	28	2	2134	335716	157.31771321462043	1435	212966	148.40836236933796
B5 - 1	B5	29	1	39591	6871934	173.57313530852971	28328	4148835	146.4570389720418
B5 - 2	B5	29	2	132640	23459707	176.86751357056696	91510	13517470	147.7157687684406
B5 - 3	B5	29	3	783829	139990054	178.59769669149776	510200	75179104	147.35222265778125
B6 - 1	B6	30	1	822	84504	102.8029197080292	278	28482	102.45323741007195
B7 - 2	B7	31	2	3710	580666	156.51374663072775	2707	369273	136.41411156261543
B8 - 2	B8	32	2	1488	157408	105.78494623655914	1119	129337	115.58266309204647
B9 - 1	B9	33	1	176212	27806785	157.8030156856514	136559	20911022	153.1281131232654
B9 - 2	B9	33	2	188084	30614021	162.76781119074457	149847	23351154	155.8333099761757
B9 - 3	B9	33	3	114097	18035016	158.06739879225572	88903	13435928	151.13019808105463
10 - 1	10	34	1	744877	122344785	164.2483054249225	557802	83465809	149.63339858946364
10 - 2	10	34	2	147328	24827378	168.51771557341442	108682	16511088	151.92109088901566
10 - 3	10	34	3	1074611	180754459	168.20454936716635	703694	101167252	143.76597214130004
11 - 1	11	35	1	611006	102880713	168.3792188620079	449865	67167805	149.30658086314784
11 - 2	11	35	2	44979	7506388	166.8865025900976	34982	5424118	155.05454233605855
11 - 3	11	35	3	1005223	163611766	162.7616618402086	720908	106883575	148.2624343189422
12 - 1	12	36	1	552710	95151606	172.15466700439652	398559	60466269	151.71221575726554
12 - 2	12	36	2	1020776	174585293	171.0319335485944	691320	103316659	149.44838714343575
12 - 3	12	36	3	1127383	188472303	167.17681834833414	738093	110102093	149.17102993796175
13 - 1	13	37	1	446714	77266160	172.9656111068827	325518	48448224	148.8342395812213
13 - 2	13	37	2	78704	13561575	172.31112776987192	57169	8486134	148.43943395896378
13 - 3	13	37	3	228968	39253063	171.43471140071975	168780	25030689	148.30364379665838
14 - 1	14	38	1	605623	106901643	176.51516372396688	418193	62391875	149.19397263942724
14 - 2	14	38	2	84885	15074861	177.5915768392531	62120	9231838	148.61297488731486
14 - 3	14	38	3	907294	158492318	174.68683579964159	621080	91806464	147.81745346815225
15 - 1	15	39	1	83469	14597860	174.8895997316369	64141	9369348	146.0742426840866
15 - 2	15	39	2	238206	42896423	180.08120282444608	170824	24922390	145.89513183159275
15 - 3	15	39	3	686915	123264092	179.44591688928034	466699	67733074	145.1322458372527
16 - 1	16	40	1	206905	37225474	179.91577777240764	147951	21801175	147.3540226155957
16 - 2	16	40	2	592219	108202543	182.7069766420868	403474	60156323	149.0959095257687
16 - 3	16	40	3	92515	16099317	174.01845106198994	64562	9634473	149.22823022830767
17 - 1	17	41	1	641008	103265044	161.09790205426452	501218	78321255	156.26185611849536
17 - 2	17	41	2	475380	76781217	161.51545500441753	373238	58462342	156.63555693686067
17 - 3	17	41	3	763512	122377146	160.28188947914376	598203	92330355	154.3461918445745
18 - 1	18	42	1	348386	59682079	171.3102105136257	271396	42280253	155.78804772362156
18 - 2	18	42	2	719752	123125238	171.06619780146494	536767	82820015	154.29416301672794
18 - 3	18	42	3	749217	127604463	170.31709504722932	576542	88512608	153.52326109806398
19 - 1	19	43	1	409242	71029055	173.5624764809086	309995	47320461	152.6491104695237
19 - 2	19	43	2	572281	101399726	177.18520447123004	415637	62216431	149.68934671359864
19 - 3	19	43	3	626170	111293554	177.73696280562785	460289	69178571	150.2937741288625
20 - 1	20	44	1	322674	60531354	187.59290801242122	232016	34590090	149.08493379766912
20 - 2	20	44	2	470770	86593666	183.94049323448817	345992	51241608	148.10055723831766
20 - 3	20	44	3	397572	73295588	184.35802320082902	285173	42130672	147.73724020156186
21 - 1	21	45	1	509522	94606371	185.6767146462763	348956	52133956	149.39979825536744
21 - 2	21	45	2	453987	82810313	182.4067935866005	310960	45655471	146.82104129148445
21 - 3	21	45	3	669236	123300197	184.24023363955317	463464	68749886	148.33921512782007
22 - 1	22	46	1	395835	71352902	180.25920396124647	282963	41657901	147.220311489488
22 - 2	22	46	2	615703	110363594	179.24810176335018	415212	61344883	147.7435213818483
22 - 3	22	46	3	676271	118931254	175.8633062781045	452949	65068869	143.65606061609586
23 - 1	23	47	1	401496	72741267	181.17557086496504	287743	42442708	147.50213906159317
23 - 2	23	47	2	567653	101712417	179.18062090749103	390643	56844237	145.51454140993184
23 - 3	23	47	3	773487	136207294	176.09513023489728	570363	84653272	148.41999218041843
24 - 1	24	48	1	30005	5213004	173.7378436927179	21284	3099694	145.6349370419094
24 - 2	24	48	2	36018	6286359	174.53381642512076	25230	3549144	140.67158145065397
24 - 3	24	48	3	28944	4766560	164.68214483139857	22148	3089474	139.4922340617663
C1 - 1	C1	49	1	972	100211	103.0977366255144	465	49518	106.49032258064516
C1 - 2	C1	49	2	2314	283165	122.37035436473639	1640	210060	128.08536585365854
C2 - 1	C2	50	1	66045	10110001	153.07746233628586	44361	6480233	146.07950677396812
C2 - 2	C2	50	2	28871	4537460	157.16324339302415	19628	2941195	149.84690238434888
C2 - 3	C2	50	3	545761	89275561	163.5799571607352	362296	53524783	147.7377144655199
C3 - 1	C3	51	1	106256	17118802	161.10903854841138	71633	10590391	147.84234919659934
C3 - 2	C3	51	2	117741	19411778	164.86846553027408	79264	11570351	145.972332963262
C3 - 3	C3	51	3	476236	82670562	173.59158484448886	324933	47945111	147.55383725260285
C4 - 1	C4	52	1	119332	20774125	174.08679147253042	81191	11890792	146.45455777118153
C4 - 2	C4	52	2	257918	44203538	171.3860141595391	178799	25975696	145.27875435544942
C4 - 3	C4	52	3	235362	41147574	174.82675198205317	162581	23665616	145.56200294007294
C5 - 1	C5	53	1	86521	15541239	179.62389477699057	57230	8298124	144.99605102219115
C5 - 2	C5	53	2	81025	14770822	182.29956186362233	58920	8634087	146.5391547861507
C5 - 3	C5	53	3	1089467	191176974	175.47752616646488	712343	104580165	146.81152899656485
C6 - 1	C6	54	1	320723	56340741	175.66791592745142	218071	32053225	146.98527085215366
C6 - 2	C6	54	2	97437	16879454	173.2345412933485	66238	9669954	145.9880129230955
C6 - 3	C6	54	3	112206	19684154	175.4287114771046	75630	11056366	146.19021552294063
C7 - 1	C7	55	1	181030	31886420	176.13887201016405	129835	19286137	148.54343589941078
C7 - 2	C7	55	2	117254	19968682	170.30277858324663	91047	13702392	150.49800652410295
C7 - 3	C7	55	3	169381	28768360	169.84407932412725	131860	19880807	150.77208402851508
C8 - 1	C8	56	1	121419	20484483	168.70904059496453	88976	13462537	151.3052620931487
C8 - 2	C8	56	2	489150	83141072	169.97050393539814	353253	53022671	150.09828932804533
C8 - 3	C8	56	3	562791	93914421	166.87264188659734	415790	63134644	151.84262247769306
C9 - 1	C9	57	1	100354	16580529	165.2204097494868	76918	11600090	150.81112353415327
C9 - 2	C9	57	2	177207	29324124	165.47949008786335	141056	21566648	152.89422640653356
C9 - 3	C9	57	3	855955	140635891	164.30290260586128	646790	96746790	149.57991001716167
10 - 1	10	58	1	156158	25772897	165.04371854147723	116945	17792496	152.1441361323699
10 - 2	10	58	2	107928	17378652	161.02079163887035	79817	12079554	151.34061666061115
10 - 3	10	58	3	1054515	174321413	165.30956221580536	741504	110650473	149.2243777511652
11 - 1	11	59	1	1029600	172837202	167.86830031080032	715204	107354547	150.1033928781159
11 - 2	11	59	2	149600	24272207	162.2473729946524	112436	17123246	152.29326905973176
11 - 3	11	59	3	1174653	194382717	165.48096927347905	763277	113245850	148.3679581593576
12 - 1	12	60	1	1118253	190192152	170.07971541323832	778193	115976713	149.03335419362548
12 - 2	12	60	2	891523	151889338	170.3706331749153	637935	95717544	150.04278492322885
12 - 3	12	60	3	815189	139272281	170.84661471143502	579544	86635992	149.489930013942
13 - 1	13	61	1	314230	55268049	175.88406262928427	225147	33738269	149.8499602481934
13 - 2	13	61	2	376510	65989115	175.26523863907997	269675	40806071	151.31573560767592
13 - 3	13	61	3	1168909	201193437	172.12070144040297	754702	112892358	149.58534361907084
14 - 1	14	62	1	79545	13768094	173.08559934628198	58119	8642579	148.7048813640978
14 - 2	14	62	2	168873	29393342	174.05589999585487	119190	17504760	146.86433425622954
14 - 3	14	62	3	187910	31907040	169.79958490766856	134926	19721429	146.16477921230896
15 - 1	15	63	1	87014	15363548	176.56409313443814	56924	8238060	144.720328859532
15 - 2	15	63	2	85983	15113784	175.7764209204145	59635	8642338	144.92056678125263
15 - 3	15	63	3	103242	17927512	173.6455318571899	71779	10483607	146.05395728555706
16 - 1	16	64	1	142732	25649758	179.7057282179189	99217	14695542	148.11516171623813
16 - 2	16	64	2	582374	103943744	178.48280314711852	383280	56919890	148.5073314548111
16 - 3	16	64	3	171802	30396750	176.92896473847802	118021	17376903	147.23568686928598
17 - 1	17	65	1	354265	56058144	158.23788406983473	290442	45445360	156.4696565923661
17 - 2	17	65	2	339800	53672687	157.95375809299588	271233	42327085	156.0543333591414
17 - 3	17	65	3	367967	59071083	160.53364296254827	298438	47273578	158.40334675879078
18 - 1	18	66	1	434126	73162361	168.5279411967954	339918	52839973	155.44917597773582
18 - 2	18	66	2	446464	76246350	170.77827103641056	351034	54170900	154.3181002410023
18 - 3	18	66	3	524330	90290806	172.20225049110294	409036	63404665	155.00998689601894
19 - 1	19	67	1	387008	65668523	169.68259829254177	304700	46976595	154.17326878897276
19 - 2	19	67	2	846219	151497796	179.02906458020914	596923	89944895	150.68090021661087
19 - 3	19	67	3	522625	94375885	180.58050227218368	392144	58164342	148.32393712513772
20 - 1	20	68	1	278391	50156508	180.16569501169218	214044	31525322	147.2843060305358
20 - 2	20	68	2	523604	93400283	178.3796208585114	396607	58072545	146.42339898186367
20 - 3	20	68	3	294056	53601026	182.28169464319723	224931	32738832	145.5505555036878
21 - 1	21	69	1	318320	57936799	182.0080390801709	220812	33335648	150.96846185895694
21 - 2	21	69	2	761059	141621219	186.08441526872423	510298	77992958	152.83806324931706
21 - 3	21	69	3	357018	66542222	186.38338123007804	255997	38249675	149.41454392043656
22 - 1	22	70	1	393800	74372908	188.859593702387	274885	41790723	152.02984157011113
22 - 2	22	70	2	931821	173248712	185.9246851866558	605809	92251959	152.27895095648958
22 - 3	22	70	3	594535	112180625	188.68632628861212	411509	62191088	151.12935075539053
23 - 1	23	71	1	2533	351552	138.78878799842084	1843	246509	133.7542051003798
23 - 2	23	71	2	22267	3392755	152.36695558449725	15434	2255097	146.1122845665414
23 - 3	23	71	3	7532	1134770	150.65985130111525	5484	842021	153.54139314369073
24 - 1	24	72	1	641276	117197344	182.75647926945652	438886	64506988	146.9789147979202
24 - 2	24	72	2	578544	106398564	183.90747116900357	391850	58069714	148.19373229552124
24 - 3	24	72	3	917862	166795683	181.7219614713323	606102	89328955	147.3827095109404
D1 - 1	D1	73	1	128570	19099291	148.55169168546317	89546	13119080	146.5065999597972
D1 - 2	D1	73	2	202859	31004730	152.83881908123377	140056	20375326	145.47985091677614
D1 - 3	D1	73	3	973097	156382589	160.70606424642148	641499	94314412	147.02191585645497
D2 - 1	D2	74	1	152479	24058592	157.78298650961773	102263	15096908	147.6282526426958
D2 - 2	D2	74	2	192913	29885448	154.91671375179484	128541	18819295	146.40694408787857
D2 - 3	D2	74	3	203641	33047159	162.28146100245038	143269	20927339	146.07025246215161
D3 - 1	D3	75	1	50776	8689407	171.13216874113755	36662	5515670	150.4465113741749
D3 - 2	D3	75	2	62572	10813339	172.81434187815637	43995	6624338	150.57024661893396
D3 - 3	D3	75	3	151271	26403324	174.54319730814234	104684	15640065	149.4026307745214
D4 - 1	D4	76	1	191024	33267580	174.15392830220287	133066	19724607	148.23175717313214
D4 - 2	D4	76	2	171288	29050508	169.60036896922142	113969	16445522	144.29820389755108
D4 - 3	D4	76	3	699818	120420229	172.07363771723504	462075	67536190	146.15850240761782
D5 - 1	D5	77	1	173515	30663128	176.7174480592456	122966	18443426	149.9880129466682
D5 - 2	D5	77	2	101192	18135557	179.21927622736976	70746	10464861	147.9215927402256
D5 - 3	D5	77	3	1040764	185487750	178.22268064614073	656628	97549650	148.56151428205925
D6 - 1	D6	78	1	2384	332470	139.45889261744966	1850	249546	134.88972972972974
D6 - 2	D6	78	2	1357	197362	145.43994104642593	1091	145513	133.37580201649862
D6 - 3	D6	78	3	1419	186421	131.37491190979563	1202	152931	127.23044925124792
D7 - 1	D7	79	1	114239	19536096	171.0107406402367	84172	12858870	152.76897305517275
D7 - 2	D7	79	2	209216	36550461	174.7020352171918	148894	22546153	151.42418767713943
D7 - 3	D7	79	3	404683	69705734	172.24774453090444	293056	44269825	151.0626808528063
D8 - 1	D8	80	1	205632	33644412	163.61467086834733	156217	23791517	152.29787411101225
D8 - 2	D8	80	2	162665	27581057	169.55741554729045	124634	19049619	152.8444806393119
D8 - 3	D8	80	3	121208	19936084	164.4782852616989	91411	13897592	152.03413155965913
D9 - 1	D9	81	1	66803	10719752	160.4681226891008	52580	8108730	154.21700266260936
D9 - 2	D9	81	2	941563	156894050	166.63149465303968	683851	104373754	152.62645517810165
D9 - 3	D9	81	3	68084	10898684	160.07702250161566	52130	7986672	153.2068290811433
10 - 1	10	82	1	116087	19180723	165.22713998983522	87340	13412165	153.56268605449966
10 - 2	10	82	2	623203	97484209	156.42448608238408	489373	74888833	153.0301692165281
10 - 3	10	82	3	245504	40275596	164.05270789885296	192548	29165616	151.47192388391466
11 - 1	11	83	1	214081	35741263	166.95205553038335	166750	26017512	156.02705847076462
11 - 2	11	83	2	452154	75754672	167.5417490501024	334832	50891762	151.9919302814546
11 - 3	11	83	3	1058513	177624114	167.80532123837875	737194	111667429	151.47631288371852
12 - 1	12	84	1	43795	7568189	172.8094303002626	32245	4987421	154.67269344084355
12 - 2	12	84	2	360182	65015011	180.5059969681994	275030	42869365	155.8715958259099
12 - 3	12	84	3	484266	85349702	176.24549730933	372769	57784533	155.01431986028882
13 - 1	13	85	1	506	52182	103.12648221343873	16	1647	102.9375
13 - 3	13	85	3	923	96148	104.16901408450704	352	36442	103.5284090909091
14 - 1	14	86	1	153994	27456462	178.29566086990403	110290	16427750	148.95049415178167
14 - 2	14	86	2	297071	53110155	178.77933221351125	202450	30256404	149.45124228204494
14 - 3	14	86	3	81506	14231746	174.6097955978701	54911	8323236	151.57684252699823
15 - 2	15	87	2	615	62934	102.33170731707317	104	10674	102.63461538461539
15 - 3	15	87	3	1267	253303	199.9234411996843	880	139981	159.06931818181818
16 - 1	16	88	1	93373	17273332	184.99279234896596	67716	10228429	151.04892492173195
16 - 2	16	88	2	750694	136430864	181.7396489115405	494562	73958423	149.54327869913175
16 - 3	16	88	3	134372	23578005	175.46814068407107	90991	13543202	148.84111615434495
17 - 1	17	89	1	847976	142767439	168.3625939885091	625581	97872066	156.44986980103295
17 - 2	17	89	2	1011466	167366218	165.4689510077452	734053	114488137	155.96712635191193
17 - 3	17	89	3	487980	80405283	164.77167711791466	388295	62112214	159.96140563231563
18 - 1	18	90	1	420624	72605576	172.61396401536766	319295	49852806	156.13400147199297
18 - 2	18	90	2	539563	93407914	173.1177156328362	417950	65306717	156.25485584400047
18 - 3	18	90	3	578745	98471735	170.1470163889105	444974	68244972	153.36844849361987
19 - 2	19	91	2	10236	1538563	150.3090074247753	6264	936001	149.42544699872286
19 - 3	19	91	3	7280	1190643	163.54986263736265	5534	811846	146.70148174918685
20 - 1	20	92	1	421965	79589132	188.61548232673326	289459	44070150	152.25005959393212
20 - 2	20	92	2	335754	63319050	188.5876266552297	232872	34693672	148.98172386547117
20 - 3	20	92	3	657693	122310901	185.96959523668338	442567	67009780	151.41160547442533
21 - 1	21	93	1	390992	72956169	186.59248526824078	281348	42273450	150.2532450914881
21 - 2	21	93	2	410931	75643565	184.07850709729857	289210	43630963	150.86256699284257
21 - 3	21	93	3	457685	86009207	187.92227623802395	327336	49598468	151.52158027225846
22 - 1	22	94	1	389297	74757230	192.0313539534083	292293	44261269	151.4277420259808
22 - 2	22	94	2	542838	101174843	186.38128318209115	393592	59052585	150.03502357771498
22 - 3	22	94	3	451852	83733660	185.31213760257785	335427	49922333	148.8321840519696
23 - 1	23	95	1	496698	93280415	187.8010682547544	345558	51904234	150.20411624097835
23 - 2	23	95	2	706802	129806254	183.65292401549516	485931	72546095	149.2929963307548
23 - 3	23	95	3	308098	56780256	184.29284188797072	215917	32102108	148.67800126900616
24 - 1	24	96	1	278581	28989102	104.05986768659743	226450	23741918	104.84397438728196
24 - 2	24	96	2	542735	99759000	183.80793573290833	368371	55705727	151.22180356216967
24 - 3	24	96	3	314659	58314691	185.3266266021312	227636	33774246	148.36952854557276
E1 - 1	E1	97	1	184815	27545773	149.04511538565592	125348	18507180	147.64639244343746
E1 - 2	E1	97	2	738820	113974368	154.2654070003519	480377	70569579	146.90457494842593
E1 - 3	E1	97	3	946739	153264073	161.88629918066118	605081	89547695	147.9929050821295
E2 - 1	E2	98	1	48893	8072220	165.09970752459452	33321	5043512	151.3613637045707
E2 - 2	E2	98	2	96520	16075927	166.5553978450062	67656	10310486	152.39573725907533
E2 - 3	E2	98	3	114479	19257142	168.21549803894163	81280	12089596	148.74010826771652
E3 - 1	E3	99	1	91233	15014260	164.57049532515646	62061	9119779	146.94863118544657
E3 - 2	E3	99	2	948265	163753741	172.68774129594576	608221	90442851	148.70063841925878
E3 - 3	E3	99	3	895581	156063346	174.2593310934466	577865	86353188	149.43488184956695
E4 - 1	E4	100	1	137359	23703390	172.56524872778633	93883	13856993	147.5985322156301
E4 - 2	E4	100	2	164479	29263752	177.91786185470485	114946	17007111	147.95739738659893
E4 - 3	E4	100	3	199437	36321955	182.12244969589395	137590	20593200	149.67076095646485
E5 - 2	E5	101	2	1288	269935	209.57686335403727	972	147202	151.4423868312757
E6 - 1	E6	102	1	161509	26900531	166.55747357732386	122776	18707237	152.36884244477747
E6 - 2	E6	102	2	465474	84469741	181.4703742851373	318293	47384176	148.86967668154813
E6 - 3	E6	102	3	362146	64094203	176.9844289319777	259739	39420275	151.76879482865493
E7 - 1	E7	103	1	146175	25418533	173.89110997092527	104962	15814851	150.67215754272976
E7 - 2	E7	103	2	520954	91615298	175.86062876952667	365955	55120277	150.62036862455767
E7 - 3	E7	103	3	996124	172109924	172.77961779858734	669035	99862563	149.26358561211296
E8 - 1	E8	104	1	609219	104359423	171.3003419131708	430091	64701820	150.43751206140095
E8 - 2	E8	104	2	858617	148314858	172.73692228316	615141	93225864	151.5520246577614
E8 - 3	E8	104	3	159603	26464609	165.81523530259457	123944	19295525	155.6793793971471
E9 - 1	E9	105	1	153622	25013944	162.8278762156462	117926	17802212	150.9608737682954
E9 - 2	E9	105	2	149274	23962823	160.52911424628536	115075	17299463	150.33207038887682
E9 - 3	E9	105	3	215332	34548091	160.4410445265915	169357	25452015	150.2861706336319
10 - 1	10	106	1	207046	33874461	163.6083817122765	144045	21933763	152.27021416918325
10 - 2	10	106	2	703170	113945417	162.04533327644808	476316	71228681	149.54081114218292
10 - 3	10	106	3	501295	80505682	160.59542185738937	349729	52978308	151.48388609466187
11 - 1	11	107	1	409659	60130499	146.78183318320848	346243	48347102	139.633442408944
11 - 2	11	107	2	137748	20905063	151.7630963788948	118108	16884691	142.95975717140246
11 - 3	11	107	3	466321	70412206	150.99514283079682	394891	55221639	139.8402065380067
12 - 1	12	108	1	174249	30258661	173.6518487910978	129482	19970663	154.23505197633648
12 - 2	12	108	2	1129107	196441949	173.97992307194977	749540	114116806	152.24912079408705
12 - 3	12	108	3	161274	27753550	172.08942544985553	121528	18306142	150.6331215851491
13 - 1	13	109	1	208201	37223666	178.78716240556003	156167	23946417	153.33852222300487
13 - 2	13	109	2	212709	37142917	174.61845526047324	160439	24897929	155.18626393831923
13 - 3	13	109	3	104538	19162519	183.30673056687522	80009	12348344	154.33693709457685
14 - 1	14	110	1	179421	32742819	182.4915645325798	126407	18985354	150.19226783326872
14 - 2	14	110	2	469929	85187985	181.27841652675193	311255	46428864	149.16664471253475
14 - 3	14	110	3	163233	28412154	174.05888515189943	116271	17186674	147.81565480644358
15 - 1	15	111	1	106125	18095284	170.5091542991755	77045	11331318	147.0740216756441
15 - 2	15	111	2	853795	155307681	181.9027764275968	576342	87470369	151.7681671646349
15 - 3	15	111	3	354920	64522280	181.79386904091064	240084	35814669	149.17557604838308
16 - 1	16	112	1	124202	21035133	169.3622727492311	81386	11683489	143.55649620327821
16 - 2	16	112	2	114006	20671058	181.3155272529516	80623	11935662	148.04289098644307
16 - 3	16	112	3	141468	24324147	171.9409831198575	96378	14005281	145.3161613646268
17 - 1	17	113	1	421908	68903095	163.3130801027712	330829	50826234	153.63294632574534
17 - 2	17	113	2	436816	71223890	163.0523836123219	344839	54047051	156.73126009529085
17 - 3	17	113	3	327622	53377854	162.9251210236187	261821	40962943	156.4540010159613
18 - 1	18	114	1	712447	121516335	170.56192951896773	540383	84261772	155.9297239180359
18 - 2	18	114	2	379688	66171918	174.27971913781843	282151	43733558	155.0005422628309
18 - 3	18	114	3	508430	89909689	176.8378911551246	390503	60734586	155.52911501320094
19 - 1	19	115	1	328831	60070469	182.67885023005738	248394	37378102	150.47908564619112
19 - 2	19	115	2	454798	81769087	179.7920989098457	345432	52867125	153.0464027652331
19 - 3	19	115	3	423756	78753477	185.84628182255827	323808	49562680	153.06193793853149
20 - 1	20	116	1	580	60479	104.27413793103449	81	8317	102.67901234567901
20 - 2	20	116	2	1587	198908	125.33585381222433	537	71996	134.0707635009311
20 - 3	20	116	3	2665	425779	159.76697936210132	2067	275698	133.3807450411224
21 - 1	21	117	1	7403	1149265	155.24314467107928	4754	667951	140.50294488851495
21 - 2	21	117	2	2628	341264	129.85692541856926	1135	152216	134.11101321585903
21 - 3	21	117	3	2384	470828	197.49496644295303	1660	240916	145.13012048192772
22 - 1	22	118	1	523274	96926303	185.23049683339895	368328	55096716	149.5860102951717
22 - 2	22	118	2	975279	178341019	182.8615391082962	652783	97250948	148.97898382770384
22 - 3	22	118	3	322583	60446354	187.3823295089946	232602	34507996	148.35640278243523
23 - 1	23	119	1	747444	136347833	182.41879391633353	502263	75704845	150.72749734700744
23 - 2	23	119	2	1048012	189009132	180.35016011267047	633411	98252092	155.11586000243128
23 - 3	23	119	3	500116	91047065	182.05189396060115	357791	54021269	150.98554463359895
24 - 1	24	120	1	441959	82226499	186.0500612047724	306878	45886992	149.52845104569244
24 - 2	24	120	2	427683	77754695	181.80450240014216	297239	43995376	148.01347064147032
24 - 3	24	120	3	639243	116619644	182.4339789407158	441595	65039452	147.2830353604547
F1 - 1	F1	121	1	815127	130354626	159.91940642378427	520025	76899435	147.8764194029133
F1 - 2	F1	121	2	157474	23622920	150.0115574634543	104141	15354991	147.4442438616875
F1 - 3	F1	121	3	1049548	168943280	160.96765464752445	654558	96652209	147.6602669282172
F2 - 1	F2	122	1	120265	19289408	160.39087016172618	80068	11922246	148.90150871759005
F2 - 2	F2	122	2	329898	54276015	164.5236254842406	212287	31277286	147.33490981548564
F2 - 3	F2	122	3	228870	36715471	160.42063616900424	150134	22007585	146.58628292059095
F3 - 1	F3	123	1	534596	91173892	170.54727682212362	346105	51285177	148.17808757457996
F3 - 2	F3	123	2	138389	23418515	169.22237316549726	94129	13888707	147.54971369078604
F3 - 3	F3	123	3	85380	14428886	168.996088076833	60109	8645633	143.83258746610323
F4 - 1	F4	124	1	1842	321075	174.30781758957656	1224	170869	139.5988562091503
F4 - 2	F4	124	2	3049	414051	135.79895047556576	1598	217932	136.377972465582
F5 - 1	F5	125	1	166979	30309228	181.51520849927238	120558	17940679	148.81367474576552
F5 - 2	F5	125	2	305748	54510597	178.28602967149416	212456	31257409	147.12415276574913
F5 - 3	F5	125	3	142721	25373211	177.78190315370549	101483	14915535	146.9757003636077
F6 - 1	F6	126	1	135989	23235616	170.8639375243586	97305	14108003	144.9874415497662
F6 - 2	F6	126	2	1133823	195621115	172.53232206437866	710122	105617472	148.73144614587352
F6 - 3	F6	126	3	848905	147993468	174.33454626842814	582746	86310192	148.10945420474786
F7 - 1	F7	127	1	87090	15444710	177.34194511424963	60518	9245764	152.77709111338774
F7 - 2	F7	127	2	230723	40782151	176.75806486566142	161523	24099969	149.20456529410671
F7 - 3	F7	127	3	157878	27421023	173.68488959829742	115468	17527848	151.79831641666956
F8 - 1	F8	128	1	124925	21357742	170.9645147088253	92003	14333665	155.79562622957948
F8 - 2	F8	128	2	164948	27974339	169.59489657346558	122107	18678953	152.97200815678053
F8 - 3	F8	128	3	390808	63943935	163.61982098626436	288600	44184048	153.09787941787943
F9 - 1	F9	129	1	420874	70475075	167.44934350898367	316646	48461675	153.0468567422295
F9 - 2	F9	129	2	156757	27279044	174.0212175532831	112779	17019034	150.90605520531304
F9 - 3	F9	129	3	308626	51388922	166.50872577164594	234746	35959401	153.18429707002463
10 - 1	10	130	1	184539	30528106	165.42902042386703	140002	21227742	151.6245625062499
10 - 2	10	130	2	717202	126354384	176.1768427862722	500674	75111562	150.0208958324179
10 - 3	10	130	3	490612	82813070	168.79544324231776	349525	52949170	151.48893498319148
11 - 1	11	131	1	77723	13046904	167.86413288215843	56685	8580031	151.36334127194144
11 - 2	11	131	2	972356	163801167	168.45802051923368	682405	101540909	148.7986005378038
11 - 3	11	131	3	107947	17349782	160.7250039371173	84390	12828002	152.00855551605642
12 - 1	12	132	1	207913	35401850	170.27242163789663	148344	22373471	150.82154316992936
12 - 2	12	132	2	1029926	179308057	174.09800024467776	692161	103567569	149.62930445373257
12 - 3	12	132	3	217035	37803067	174.17958854562627	155735	23305172	149.64633512055735
13 - 1	13	133	1	167727	29139620	173.73243425328062	118364	17902704	151.25125882869793
13 - 2	13	133	2	153349	28018214	182.70881453416717	104528	15399574	147.324869891321
13 - 3	13	133	3	167377	29317639	175.15930504191138	121535	18477495	152.0343522442095
14 - 1	14	134	1	125226	22108992	176.55272866657083	86432	12881150	149.03218715290632
14 - 2	14	134	2	863449	156260831	180.97285537420277	556619	83664984	150.30924923511415
14 - 3	14	134	3	111664	20369315	182.41613232554806	75505	11197765	148.30494669227204
15 - 1	15	135	1	334589	59616852	178.17935437208038	226322	33203964	146.71116374015782
15 - 2	15	135	2	145321	25498943	175.4663331521253	100164	14627840	146.03889621021526
15 - 3	15	135	3	94834	16527000	174.27294008477972	65419	9469461	144.7509286292973
16 - 1	16	136	1	180911	31847038	176.03704584021978	118893	17893951	150.50466385741802
16 - 2	16	136	2	70407	12471641	177.13637848509381	49933	7245886	145.112170308213
16 - 3	16	136	3	116364	20190556	173.51204839984874	78243	11645325	148.83535907365516
17 - 1	17	137	1	352992	59241798	167.827593826489	280841	44515694	158.50852973746711
17 - 2	17	137	2	392561	61133233	155.7292573638237	319620	49490502	154.84169326074715
17 - 3	17	137	3	384473	62789960	163.31435497421145	304820	47270672	155.07733088380027
18 - 1	18	138	1	689218	122890150	178.30374424347593	519232	80556601	155.14567861765067
18 - 2	18	138	2	421510	74467524	176.6684633816517	321625	50025446	155.53918526487286
18 - 3	18	138	3	377524	66459433	176.04028618048125	294950	45531151	154.36904899135448
19 - 1	19	139	1	2688	476529	177.28013392857142	2125	301869	142.056
19 - 2	19	139	2	605	62145	102.71900826446281	96	9823	102.32291666666667
19 - 3	19	139	3	4966	743092	149.63592428513894	2554	355546	139.21143304620205
20 - 1	20	140	1	536027	101252697	188.89477022612667	374012	57375669	153.40595756285896
20 - 2	20	140	2	845713	158276619	187.15169212250493	555228	85124334	153.31419524951912
20 - 3	20	140	3	585276	109223246	186.61835783459426	401362	60682104	151.19045649563236
21 - 1	21	141	1	328809	62444202	189.91025793089605	230200	34980419	151.95664205039097
21 - 2	21	141	2	346780	65152995	187.87990945267893	238315	36568700	153.4469085034513
21 - 3	21	141	3	475187	87549685	184.24220519036675	329630	49403156	149.87457452294998
22 - 1	22	142	1	646124	117682474	182.1360512842736	434274	65277080	150.31312028811303
22 - 2	22	142	2	328246	60788574	185.19212419953328	224962	33989945	151.09193997208416
22 - 3	22	142	3	239471	44154850	184.38495684237338	165870	25416905	153.23388798456622
23 - 1	23	143	1	352703	64950048	184.1494061575887	243060	36974292	152.12001974821032
23 - 2	23	143	2	367562	67331251	183.18338402772866	257073	38825273	151.02820210601658
23 - 3	23	143	3	633170	117641690	185.79795315634033	435756	65494294	150.30038370097026
24 - 1	24	144	1	578218	104479407	180.6920694271019	388937	60443169	155.40606576386406
24 - 2	24	144	2	802836	142268091	177.2069152354902	522395	79311619	151.82308215048
24 - 3	24	144	3	1034014	188453460	182.2542634819258	666443	102660467	154.04238171906675
G1 - 1	G1	145	1	99039	14759959	149.0317854582538	66948	9654602	144.21046185098882
G1 - 2	G1	145	2	141556	21649110	152.9367176241205	94153	14024285	148.952078000701
G1 - 3	G1	145	3	304576	48729894	159.992560149191	199118	29420250	147.7528400245081
G2 - 1	G2	146	1	291551	47384413	162.5252974608216	193942	28508581	146.99539553062255
G2 - 2	G2	146	2	133830	22062191	164.85235746843009	89184	13177283	147.7538908324363
G2 - 3	G2	146	3	1185756	179108047	151.04966536117044	740325	98827844	133.49251207240064
G3 - 1	G3	147	1	511740	89723710	175.33065619259781	330632	49098837	148.4999546323405
G3 - 2	G3	147	2	74331	13123819	176.55916104989842	49856	7370645	147.83867538510913
G3 - 3	G3	147	3	1074130	188443756	175.43849999534507	679707	101235607	148.94006829413263
G4 - 1	G4	148	1	118120	21073811	178.41018455807654	78518	11607771	147.8357956137446
G4 - 2	G4	148	2	183882	32696964	177.8149247887232	121803	17885075	146.83607957111073
G4 - 3	G4	148	3	183141	32681536	178.45013404972124	120808	17679783	146.34612773988476
G5 - 1	G5	149	1	403826	71353837	176.6945095164749	270829	39797357	146.9464385276318
G5 - 2	G5	149	2	1157035	203840973	176.17528683229116	694821	103177963	148.4957463864794
G5 - 3	G5	149	3	297655	52018812	174.76209705867532	203940	29858263	146.4070952240855
G6 - 1	G6	150	1	182835	32410162	177.26453906527743	127872	19236166	150.43297985485486
G6 - 2	G6	150	2	83176	14663103	176.29007165528517	57067	8284828	145.17721274992553
G6 - 3	G6	150	3	1121372	197304595	175.9492790973914	718838	107096074	148.98499244614226
G7 - 1	G7	151	1	111285	19317571	173.5864761648021	78738	11887177	150.97128451319566
G7 - 2	G7	151	2	816551	145024133	177.60572579055074	547913	81381532	148.53002575226358
G7 - 3	G7	151	3	817881	142387083	174.09266506985736	571481	85445599	149.51608014964626
G8 - 1	G8	152	1	3445	508847	147.70595065312045	2387	332573	139.32677000418937
G8 - 3	G8	152	3	1004	118595	118.12250996015936	442	54361	122.98868778280543
G9 - 1	G9	153	1	159244	26443312	166.05531134611036	119152	18158781	152.40013596078958
G9 - 2	G9	153	2	1053285	180741210	171.59763027100928	721619	108650217	150.5645181182868
G9 - 3	G9	153	3	119966	20114082	167.66485504226196	90241	13827998	153.234095366851
10 - 1	10	154	1	2299	306510	133.32318399304046	1562	222408	142.38668373879642
11 - 1	11	155	1	214222	36907643	172.286893969807	153544	23221475	151.23661621424478
11 - 2	11	155	2	1029115	176790431	171.78880008551036	713658	107943295	151.25353460621193
11 - 3	11	155	3	195156	32424761	166.1479073151735	145943	21808565	149.43207279554346
12 - 1	12	156	1	153330	26917479	175.5525924476619	112762	17167632	152.2466078998244
12 - 2	12	156	2	427702	77217389	180.54016347830967	301038	45198456	150.14202858110937
12 - 3	12	156	3	108123	18563644	171.6900566946903	81109	12024739	148.25406551677372
13 - 1	13	157	1	117075	20262124	173.06960495408927	82735	12458039	150.57761527769384
13 - 2	13	157	2	65674	11153318	169.82851661235802	47406	7002452	147.71235708560098
13 - 3	13	157	3	775023	138790130	179.07872411528433	530965	79515185	149.75598203271403
14 - 1	14	158	1	619972	115246588	185.88998858012943	441114	66959524	151.79641543909284
14 - 2	14	158	2	213421	39814333	186.55302430407505	149176	22591684	151.44315439480883
14 - 3	14	158	3	96105	17383412	180.87937152073252	65151	9774422	150.02719835459163
15 - 1	15	159	1	252194	44252574	175.47036804999325	173800	25699766	147.86976985040278
15 - 2	15	159	2	220153	38406119	174.45194478385486	145877	21189784	145.2578816400118
15 - 3	15	159	3	256796	45388073	176.74758563217495	172744	25430588	147.21546334460243
16 - 1	16	160	1	125947	22699210	180.22827062176947	86007	12768712	148.46131128861603
16 - 2	16	160	2	133880	23550705	175.90906035255452	93279	13939775	149.44172857770775
16 - 3	16	160	3	121844	21181699	173.84277436722365	83396	12435561	149.11280981330265
17 - 1	17	161	1	279927	46071663	164.58456311824153	224787	35588611	158.3214821141792
17 - 2	17	161	2	342668	57834305	168.77649795136983	272200	43263864	158.94145481263777
17 - 3	17	161	3	271561	45295244	166.79583592636646	214821	33773521	157.21703650946603
18 - 1	18	162	1	262476	46350418	176.58916624758072	205645	31844819	154.85335894381095
18 - 2	18	162	2	271932	49498055	182.0236492946766	204763	31642289	154.53128250709358
18 - 3	18	162	3	292275	52230342	178.70273543751603	226631	34826527	153.6706231715873
19 - 1	19	163	1	4516	627171	138.8775465013286	3064	415356	135.56005221932114
19 - 2	19	163	2	1144	120434	105.27447552447552	600	68004	113.34
19 - 3	19	163	3	3789	669714	176.75217735550277	2410	373101	154.8136929460581
20 - 1	20	164	1	498034	94646715	190.04066991410224	351148	53392228	152.0504972262408
20 - 2	20	164	2	630234	116926448	185.52862587546846	434064	65179108	150.16013306793468
20 - 3	20	164	3	284495	53738695	188.89152709186453	199408	30247570	151.68684305544411
21 - 1	21	165	1	383392	64039011	167.0327262958017	311328	43723098	140.4406221091582
21 - 2	21	165	2	305446	51711404	169.2980232185067	255114	35832917	140.45844994786646
21 - 3	21	165	3	416658	70011248	168.03049023419686	344435	48236771	140.0460783602131
22 - 1	22	166	1	255131	47351402	185.5964269336145	182047	27047872	148.5763127104539
22 - 2	22	166	2	363766	68440163	188.14337513676375	251560	37512996	149.12146605183653
22 - 3	22	166	3	396613	72793113	183.53688104020796	277440	41431745	149.33587442329872
23 - 1	23	167	1	401619	74175385	184.69092597710767	274219	42518816	155.05423037790962
23 - 2	23	167	2	936162	172215534	183.95911605042716	614836	96158264	156.3966065747614
23 - 3	23	167	3	589999	108125448	183.26378180302	407321	62876566	154.3661289253439
24 - 1	24	168	1	361803	66041439	182.5342493014154	254599	37995687	149.2373772088657
24 - 2	24	168	2	442621	75579495	170.754426473213	309214	44260602	143.13859935643484
24 - 3	24	168	3	426038	75829660	177.9880198479948	297299	44031662	148.10565121308852
H1 - 1	H1	169	1	192712	29886644	155.08449914898915	126183	18678791	148.02937796692106
H1 - 2	H1	169	2	174631	27104409	155.20960768706587	116683	17275295	148.05322969070045
H1 - 3	H1	169	3	443929	70604404	159.04436069731872	298879	44251370	148.0578093475955
H2 - 1	H2	170	1	246915	40829584	165.35886438652977	167046	24560748	147.02984806580224
H2 - 2	H2	170	2	128512	20586626	160.19224663844622	84028	12222153	145.45333698291046
H2 - 3	H2	170	3	998160	168115841	168.42574436964014	629448	92356515	146.72620295878292
H3 - 1	H3	171	1	220104	38022623	172.74844164576746	147691	22317047	151.10634364991773
H3 - 2	H3	171	2	172056	29178805	169.589000092993	114539	16812692	146.7857411012843
H3 - 3	H3	171	3	798780	140049633	175.3294186133854	515451	76904764	149.19898108646603
H4 - 1	H4	172	1	320028	56908024	177.82201557363732	216356	32285775	149.22523526040416
H4 - 2	H4	172	2	233836	40761249	174.31554166167743	151265	22114304	146.1957756255578
H4 - 3	H4	172	3	148960	26568743	178.36159371643393	102635	15348833	149.54774686997612
H5 - 1	H5	173	1	126741	22383519	176.6083508888205	89128	13331504	149.57705771474733
H5 - 2	H5	173	2	546517	97210713	177.87317320412723	354956	52319879	147.39820991897588
H5 - 3	H5	173	3	760182	134785811	177.30729088560372	489273	72387265	147.94861968675974
H6 - 1	H6	174	1	460806	83780717	181.81342473839317	315268	47063364	149.28049786213634
H6 - 2	H6	174	2	206221	36265173	175.85586821904656	145530	21400621	147.05298563869994
H6 - 3	H6	174	3	468166	82098316	175.361551244644	317631	47185076	148.5531198151314
H7 - 1	H7	175	1	906905	160027940	176.4550200958204	604812	91014067	150.48323611304008
H7 - 2	H7	175	2	413047	72096967	174.549063423775	290053	43805833	151.0269950664189
H7 - 3	H7	175	3	1033532	179631284	173.8033113633637	673364	100754393	149.6284223688822
H8 - 1	H8	176	1	155966	26138441	167.59063513842761	109620	16443327	150.00298303229337
H8 - 2	H8	176	2	557826	97475408	174.7416004273734	383564	57817955	150.7387424262965
H8 - 3	H8	176	3	1061995	182223701	171.58621368273862	729120	109007806	149.50598804037745
H9 - 1	H9	177	1	228129	37411439	163.99247355662806	171493	25625666	149.42689205973423
H9 - 2	H9	177	2	264294	43930609	166.2187147646182	202141	30230030	149.549225540588
H9 - 3	H9	177	3	633796	104289552	164.54750739985738	472902	70200776	148.44677332724328
10 - 1	10	178	1	177849	30081699	169.14179444360104	128471	19561795	152.26623128955174
10 - 2	10	178	2	182344	31245166	171.3528605273549	128916	19637190	152.32546774643953
10 - 3	10	178	3	730193	124613162	170.65784251560888	524996	79641554	151.69935389983922
11 - 1	11	179	1	601810	104972839	174.42853890762865	419652	63607415	151.57181426515302
11 - 2	11	179	2	302304	52047422	172.16914761299884	208185	31020400	149.0040108557293
11 - 3	11	179	3	122283	20439106	167.1459319774621	86644	12931902	149.25328932182262
12 - 1	12	180	1	943127	167681836	177.79348486471068	627331	94316754	150.3460756761582
12 - 2	12	180	2	1147448	201079962	175.24102355836604	715200	106937547	149.52117869127517
12 - 3	12	180	3	1158240	202492811	174.82802441635585	762713	113767840	149.16205702538176
13 - 1	13	181	1	127193	22350328	175.7197959007178	90665	13484068	148.72243178258663
13 - 2	13	181	2	57615	10283500	178.48650525036882	39983	5939300	148.54563189355477
13 - 3	13	181	3	184116	32720963	177.71928023637273	130446	19590519	150.18106342854514
14 - 1	14	182	1	207789	36144808	173.94957384654626	151032	22286823	147.56358255204196
14 - 2	14	182	2	202582	34821190	171.88689024691237	142451	21063776	147.86681736175947
14 - 3	14	182	3	141393	24054098	170.12226913637875	98422	14524683	147.57557253459592
15 - 1	15	183	1	177038	31867230	180.0022029168879	124498	18514984	148.7171199537342
15 - 2	15	183	2	521491	92933504	178.20730175592675	340097	50603948	148.79269149683768
15 - 3	15	183	3	121020	20972063	173.29419104280285	89042	13084687	146.94960805013363
16 - 1	16	184	1	161664	28797187	178.12986812153602	110810	16757856	151.2305387600397
16 - 2	16	184	2	959996	173885780	181.1315868695423	610348	92885643	152.18472576300732
16 - 3	16	184	3	152390	27440629	180.06843624909772	107430	16355632	152.2445499394955
17 - 1	17	185	1	359911	60108146	167.00836040021005	281872	44300105	157.16390773116876
17 - 2	17	185	2	355517	59593751	167.62560158867228	286464	45337889	158.26731805741733
17 - 3	17	185	3	340566	57705589	169.44025240335208	265954	41554751	156.247888732638
18 - 1	18	186	1	409331	71786770	175.37584497631502	346299	55094307	159.09461765699584
18 - 2	18	186	2	811486	139367111	171.74308737304156	644033	101423603	157.48199704052433
18 - 3	18	186	3	233822	41623984	178.0156871466329	199361	31367333	157.33936426883895
19 - 1	19	187	1	323546	59330700	183.37639779196775	228412	34586934	151.4234541092412
19 - 2	19	187	2	545332	101648692	186.39781270858853	374811	57555452	153.55859886716237
19 - 3	19	187	3	285168	53341481	187.0528285081075	194745	29714293	152.58051811343037
20 - 1	20	188	1	9345	1592051	170.36393793472445	5637	826528	146.6255100230619
20 - 2	20	188	2	5319	793042	149.0960706899793	4594	743661	161.87657814540705
20 - 3	20	188	3	7760	1233318	158.9327319587629	5817	813470	139.84356197352588
21 - 1	21	189	1	371965	68013353	182.8487976019249	259376	39204338	151.14867219789033
21 - 2	21	189	2	357774	65116637	182.00494446214648	239413	36398249	152.03121384385977
21 - 3	21	189	3	388254	70878159	182.5561591123337	276523	42118436	152.31440422677318
22 - 1	22	190	1	412144	77085725	187.03590250009705	288055	44639584	154.96896078873826
22 - 2	22	190	2	237357	44069688	185.66837295719105	163846	25496292	155.61131794489947
22 - 3	22	190	3	407391	75364346	184.9926630681581	283326	42890241	151.3812392791343
23 - 1	23	191	1	11964	1975342	165.1071547977265	8778	1223541	139.38721804511277
23 - 2	23	191	2	4748	670223	141.1590143218197	3308	423893	128.14177750906893
23 - 3	23	191	3	6481	1023866	157.97963277272027	4025	631858	156.98335403726708
24 - 1	24	192	1	552178	101299205	183.45389530187728	392943	59360849	151.06732783126307
24 - 2	24	192	2	423666	77420424	182.7392899123366	299300	45384835	151.63660207150016
24 - 3	24	192	3	443704	82562771	186.07623776211167	314971	47305954	150.19145889621583
I1 - 1	I1	193	1	222091	34015865	153.16183456330964	151188	22008809	145.57245945445405
I1 - 2	I1	193	2	134430	20802879	154.7487837536264	92343	13660849	147.93594533424297
I1 - 3	I1	193	3	434637	69354466	159.56871136143494	302768	44213571	146.03118889710933
I2 - 1	I2	194	1	233521	38253650	163.8124622624946	154231	22770078	147.63619505806227
I2 - 2	I2	194	2	151613	24820243	163.70788125028855	99759	14629443	146.64785132168527
I2 - 3	I2	194	3	941242	160641896	170.6701315920879	597383	89046027	149.06019588773032
I3 - 1	I3	195	1	175846	30137305	171.38464906793445	117206	17518624	149.46866201389008
I3 - 2	I3	195	2	632003	110645212	175.07070694284678	412704	61095075	148.0360621656199
I3 - 3	I3	195	3	150405	26245175	174.49669226421994	100212	14824524	147.9316249550952
I4 - 1	I4	196	1	135115	23630675	174.89305406505568	88734	13147229	148.1645028962968
I4 - 2	I4	196	2	227613	40227799	176.7377039097064	156282	23167961	148.24458990798684
I4 - 3	I4	196	3	816307	144545669	177.07268098889267	525016	78314506	149.16594160939857
I5 - 1	I5	197	1	835006	140729728	168.5373853601052	564436	80239690	142.15905789141726
I5 - 2	I5	197	2	435795	75454114	173.14130267671726	302633	43407232	143.43191918924902
I5 - 3	I5	197	3	433669	72334049	166.79552608095113	315620	44916174	142.3109245294975
I6 - 1	I6	198	1	563	57509	102.1474245115453	86	8752	101.76744186046511
I6 - 2	I6	198	2	3798	620290	163.32016850974196	2875	413939	143.97878260869564
I6 - 3	I6	198	3	6406	1059785	165.43630970964722	3983	561298	140.92342455435602
I7 - 1	I7	199	1	507410	89235683	175.86504601801306	351753	52852618	150.25491751314132
I7 - 2	I7	199	2	386515	68605406	177.4973959613469	261344	38494062	147.2926946859312
I7 - 3	I7	199	3	1143333	198211346	173.36274383753465	727264	109833774	151.02325152901835
I8 - 1	I8	200	1	271556	46718981	172.04179248479136	194040	29008578	149.49792826221397
I8 - 2	I8	200	2	986179	171246382	173.64634817817048	650610	97154527	149.3283641505664
I8 - 3	I8	200	3	203324	33953021	166.98973559442072	149514	22229511	148.67845820458285
I9 - 1	I9	201	1	778853	134852052	173.14185346913987	543805	81396437	149.67945679057752
I9 - 2	I9	201	2	1139101	199565821	175.1958965886256	761722	113948708	149.59356300592606
I9 - 3	I9	201	3	1252431	212846006	169.94629324888956	793113	118081875	148.8840493094931
10 - 1	10	202	1	237376	40855584	172.1133728767862	177049	26993968	152.46608565990206
10 - 2	10	202	2	273984	48558881	177.2325427762205	190084	27998046	147.293017823699
10 - 3	10	202	3	224306	37727719	168.19754710083546	167977	25851783	153.90073045714593
11 - 1	11	203	1	963354	169958031	176.4232369409376	651933	98509340	151.10347228933034
11 - 2	11	203	2	234579	41708585	177.801870585176	166303	24904672	149.75479696698196
11 - 3	11	203	3	1080215	188331187	174.34602093101836	717869	108303046	150.86742288634835
12 - 1	12	204	1	233748	40221291	172.0711663843113	168429	25167373	149.4242262318247
12 - 2	12	204	2	143568	22611850	157.49923381254877	104594	14581750	139.41287263131727
12 - 3	12	204	3	880758	154235434	175.11669947931213	593417	88003381	148.29939317545671
13 - 1	13	205	1	1132539	200051135	176.6395108689414	729818	108520020	148.6946334565604
13 - 2	13	205	2	1120295	198007793	176.74611865624678	726791	107936552	148.51112905911052
13 - 3	13	205	3	160775	27314043	169.8898647177733	122639	18384334	149.90609838632082
14 - 1	14	206	1	1168573	205935051	176.2278017719047	742902	111079436	149.52098123305632
14 - 2	14	206	2	1112166	197370659	177.46510772672426	737228	109052452	147.92228727069508
14 - 3	14	206	3	300962	53987754	179.3839554495252	218468	32535006	148.92343958840655
15 - 1	15	207	1	499703	88824636	177.75485838588122	328468	48948699	149.02121058976826
15 - 2	15	207	2	944987	167680928	177.44257645872378	598164	89459170	149.55625881865174
15 - 3	15	207	3	231549	38063677	164.38713620011316	160033	22480752	140.47572688133073
16 - 1	16	208	1	160412	28281890	176.3078198638506	109604	16470654	150.2742053209737
16 - 2	16	208	2	190366	33718226	177.12315224357292	128809	19296532	149.80732712776282
16 - 3	16	208	3	243482	42415829	174.205193813095	166866	24806218	148.6595112245754
17 - 1	17	209	1	4155	655948	157.86955475330927	2751	387742	140.94583787713557
17 - 2	17	209	2	9389	1393706	148.44030248162744	5925	882890	149.01097046413503
17 - 3	17	209	3	4176	552560	132.31800766283524	2912	400179	137.42410714285714
18 - 1	18	210	1	346548	65648598	189.43580110114615	271929	42529931	156.40086566714106
18 - 2	18	210	2	651969	121542625	186.42393273299805	487167	75626099	155.23649795655288
18 - 3	18	210	3	377652	70201433	185.8892128202684	302807	47463402	156.74473179285815
19 - 1	19	211	1	627914	116824693	186.05205967696213	436876	66069173	151.23095111656397
19 - 2	19	211	2	291582	54396049	186.55489364912785	204468	30722536	150.25596181309544
19 - 3	19	211	3	289940	53646148	185.02499827550528	204816	30994905	151.3304868760253
20 - 1	20	212	1	515848	95256661	184.66032823622461	351598	53460414	152.04982394666635
20 - 2	20	212	2	361736	66414047	183.5981129884778	250477	37751277	150.71753893571068
20 - 3	20	212	3	411453	75313866	183.04366719892673	282480	42923450	151.952173605211
21 - 1	21	213	1	916916	173539738	189.26459784756727	594427	94037478	158.19853068585377
21 - 2	21	213	2	271781	51509740	189.52664093516472	196631	30673858	155.99706048385045
21 - 3	21	213	3	298220	55367448	185.65974113070888	210412	32529936	154.60114442142083
22 - 1	22	214	1	792519	145154547	183.15592055206247	513005	79446737	154.86542431360317
22 - 2	22	214	2	202587	36097103	178.18074703707543	139324	20947283	150.34942292785163
22 - 3	22	214	3	259965	47132341	181.30264074009963	177731	27245544	153.29652114712684
23 - 1	23	215	1	217651	39082809	179.5664113649834	149500	23108987	154.57516387959865
23 - 2	23	215	2	325374	58045381	178.3958798183014	229601	35261404	153.57687466518004
23 - 3	23	215	3	381258	70305479	184.40394431067676	262582	40533711	154.3659161709485
24 - 1	24	216	1	582983	104735798	179.65497793246115	399429	60788029	152.18731989915605
24 - 2	24	216	2	338497	59176393	174.82102647881666	240129	34876271	145.23972947873852
24 - 3	24	216	3	357003	62825083	175.9791458335084	255792	38446356	150.3031994745731
J1 - 1	J1	217	1	289320	46389474	160.33967233513064	193795	28529188	147.21323047550246
J1 - 2	J1	217	2	152296	23908443	156.9866772600725	106168	15520827	146.19119697083866
J1 - 3	J1	217	3	1017325	170232242	167.33319440690045	654624	96750845	147.79605544556875
J2 - 1	J2	218	1	829596	144026617	173.61054899011086	533743	80021218	149.92462289903568
J2 - 2	J2	218	2	178122	30238952	169.76539675054175	118748	17821207	150.07584969852124
J2 - 3	J2	218	3	1035474	177871155	171.77751928102492	644808	96526224	149.6976216175978
J3 - 1	J3	219	1	252168	41961984	166.40487294184828	183770	26145931	142.27529520596397
J3 - 2	J3	219	2	137627	23916072	173.77456458398424	96918	13867403	143.0838750283745
J3 - 3	J3	219	3	173300	29438129	169.86802654356606	126361	18035095	142.72675113365673
J4 - 1	J4	220	1	291689	51131201	175.2935523794178	193361	28353510	146.63510221813087
J4 - 2	J4	220	2	217396	37070633	170.5212285414635	149167	21582163	144.68456830264066
J4 - 3	J4	220	3	378447	66215450	174.96624362196027	262025	38590004	147.27603854594028
J5 - 1	J5	221	1	379263	67199739	177.18506419028483	248459	36624533	147.40674718967716
J5 - 2	J5	221	2	441508	78981281	178.88980720621143	293843	43119028	146.7417226205831
J5 - 3	J5	221	3	329577	57903023	175.68890729632224	219594	32444125	147.7459538967367
J6 - 1	J6	222	1	317648	48511687	152.7215250843701	243413	37322478	153.32984680358075
J6 - 2	J6	222	2	550732	82729781	150.21785732443365	399338	59929120	150.07116778268033
J6 - 3	J6	222	3	679469	100444525	147.82797302010835	486803	72587472	149.11056834078673
J7 - 1	J7	223	1	383942	67926748	176.91929510186435	263481	39539056	150.06416401941695
J7 - 2	J7	223	2	213111	38085738	178.7131494854794	142836	21081874	147.59496205438404
J7 - 3	J7	223	3	655724	115614136	176.31524238856593	447972	67407117	150.47171921459378
J8 - 1	J8	224	1	1101586	190359366	172.80481596534452	707768	105991740	149.75491969119824
J8 - 2	J8	224	2	357402	62254518	174.18626084912788	250519	37878948	151.20189686211424
J8 - 3	J8	224	3	1106025	187378477	169.41613164259397	684125	102429811	149.7238238625982
J9 - 1	J9	225	1	270380	46261170	171.09686367334862	191749	28973671	151.10207093648467
J9 - 2	J9	225	2	200755	34613230	172.41528230928245	142400	21505422	151.02122191011236
J9 - 3	J9	225	3	255493	42899108	167.90717553905586	178535	26736258	149.7535945332848
10 - 1	10	226	1	302780	52516862	173.44891340247045	216300	32770204	151.50348589921404
10 - 2	10	226	2	192660	32717422	169.81948510329076	136941	20451695	149.34676247435027
10 - 3	10	226	3	301849	51945707	172.09169816696428	217252	32797279	150.96422127299172
11 - 1	11	227	1	139215	24584319	176.59245770929857	99517	15270279	153.44392415366218
11 - 2	11	227	2	199833	35226950	176.2819454244294	140871	21165297	150.2459484208957
11 - 3	11	227	3	218488	37784542	172.93646332979387	155925	23293489	149.3890588423922
12 - 1	12	228	1	651460	114312829	175.4717542136125	451577	66849193	148.03498185248586
12 - 2	12	228	2	195150	32313951	165.58519600307457	137690	19576698	142.17951920981915
12 - 3	12	228	3	1138063	197700643	173.71663017194112	699321	104158607	148.94248420968339
13 - 1	13	229	1	268695	48619932	180.94840618545192	181060	27220471	150.33950624102508
13 - 2	13	229	2	476842	86929734	182.30301441567647	324906	48530223	149.3669645989917
13 - 3	13	229	3	179542	32068980	178.61547715854786	123214	18223228	147.89900498319997
14 - 1	14	230	1	153051	27381527	178.90459389353876	103387	15538243	150.29203865089423
14 - 2	14	230	2	731883	133149859	181.9277931035425	464075	69972660	150.77877498249205
14 - 3	14	230	3	197748	34860787	176.28894856079455	132141	19698857	149.0745264528042
15 - 1	15	231	1	819861	147479505	179.88354733302353	539832	80184890	148.53674846989435
15 - 2	15	231	2	1188127	208959590	175.87310952448686	721252	107384817	148.88668177003322
15 - 3	15	231	3	180111	31712955	176.07450405583225	118806	17407897	146.52371934077402
16 - 1	16	232	1	777625	131943088	169.67444205111718	505981	75040899	148.3077408044966
16 - 2	16	232	2	394227	66495491	168.67310204526834	268344	39197965	146.07356601973586
16 - 3	16	232	3	705825	117559528	166.556197357702	471082	69627477	147.80330600617302
17 - 1	17	233	1	704722	116314157	165.0497032872537	536376	81238594	151.45829418169345
17 - 2	17	233	2	328270	55593213	169.3520973588814	263594	40986505	155.49103924975532
17 - 3	17	233	3	353575	60033600	169.7902849466167	277216	42539805	153.45364264688908
18 - 1	18	234	1	629429	113817404	180.82643793025107	443924	67298472	151.59908452798226
18 - 2	18	234	2	336225	60516925	179.98936723919994	246956	37055642	150.04957158360193
18 - 3	18	234	3	398469	71629589	179.7620115993967	286536	43005231	150.08665926794538
19 - 1	19	235	1	310633	57913877	186.43826315941965	221203	33473721	151.32580028299796
19 - 2	19	235	2	415831	77665443	186.7716524261058	287119	42934747	149.53641869747386
19 - 3	19	235	3	445501	82984987	186.27340230437193	305089	45813536	150.16449626174656
20 - 1	20	236	1	437876	77964856	178.05236185586787	297177	45941134	154.59130218253034
20 - 2	20	236	2	436104	79650383	182.64079898372864	296457	47306867	159.57412710780991
20 - 3	20	236	3	230938	41268763	178.70061661571503	159537	25177778	157.81779775224555
21 - 1	21	237	1	243254	43648377	179.43539263485903	171278	26220521	153.08750102173076
21 - 2	21	237	2	857592	156954198	183.01732991912237	576696	87740770	152.1438851665349
21 - 3	21	237	3	325635	58056889	178.28823375865616	234313	35572991	151.8182559226334
22 - 1	22	238	1	1144349	207209184	181.07166956933594	682799	105232673	154.11954762675398
22 - 2	22	238	2	409595	73912751	180.45325504461724	281198	42205290	150.09100349220122
22 - 3	22	238	3	295763	54433170	184.04320351091923	208795	31165597	149.26409636246078
23 - 1	23	239	1	382581	68548201	179.1730404803166	287887	43891805	152.46192082310074
23 - 2	23	239	2	367737	65803747	178.94241536750448	283499	43417190	153.14759487687786
23 - 3	23	239	3	378603	68860643	181.8803895362965	289116	43339993	149.90520413951492
24 - 1	24	240	1	399404	67119199	168.04838960050475	277445	41110810	148.176431364775
24 - 2	24	240	2	333869	57477140	172.15476728896664	236283	35854543	151.74406537922746
24 - 3	24	240	3	380186	67781355	178.28472116279926	265862	39929843	150.1901099066433
K1 - 1	K1	241	1	260070	41483375	159.50849771215442	170050	25236961	148.4090620405763
K1 - 2	K1	241	2	208250	33251008	159.66870588235295	137386	20535422	149.47244988572345
K1 - 3	K1	241	3	1142410	194151656	169.94919162122181	701104	104974643	149.72763384604852
K2 - 1	K2	242	1	973768	163932968	168.3491016340648	609434	90360520	148.26957472015016
K2 - 2	K2	242	2	145627	24109991	165.55989617309976	100960	14849734	147.0853209191759
K2 - 3	K2	242	3	268796	45628405	169.7510565633417	180087	26704310	148.28560640135046
K3 - 1	K3	243	1	379525	66443606	175.07043277781437	250712	37147427	148.1677263154536
K3 - 2	K3	243	2	182318	31363733	172.02762755185995	126347	18980689	150.22666941043317
K3 - 3	K3	243	3	674217	118205372	175.3224436642802	441645	65941867	149.3096650024341
K4 - 1	K4	244	1	336464	59729737	177.5219250796519	223857	33358571	149.01732355923647
K4 - 2	K4	244	2	143088	25312845	176.90403807447166	98702	14472614	146.62938947539058
K4 - 3	K4	244	3	1075787	190514929	177.0935408217426	684430	102487410	149.7412591499496
K5 - 1	K5	245	1	1003411	177842355	177.23779687485984	625290	92595410	148.08394504949703
K5 - 2	K5	245	2	1006533	178304554	177.14725100915717	622994	93072982	149.39627347935937
K5 - 3	K5	245	3	681824	121008276	177.47729032712255	443928	65960640	148.58409471806237
K6 - 1	K6	246	1	129979	23197254	178.46924503188976	90093	13177068	146.26073057840233
K6 - 2	K6	246	2	170816	30625098	179.2870574185088	120834	17598312	145.6403992253836
K6 - 3	K6	246	3	710623	125898881	177.16690988048515	470535	69585354	147.88560680927029
K7 - 1	K7	247	1	935207	168280759	179.93958449840517	633987	96268756	151.84657729574897
K7 - 2	K7	247	2	399056	72847926	182.5506344974139	280745	42266407	150.55088069244331
K7 - 3	K7	247	3	944113	166436123	176.28835001742377	652155	98248535	150.65212257822142
K8 - 1	K8	248	1	1001142	174873266	174.67378853349476	663029	98449799	148.48490639172647
K8 - 2	K8	248	2	500316	88043632	175.97604713820866	342350	50700321	148.09499342777858
K8 - 3	K8	248	3	1022987	176582296	172.61440858974748	667725	99516521	149.0381833838781
K9 - 1	K9	249	1	235309	39915722	169.63108933359965	168751	25117506	148.8435979638639
K9 - 2	K9	249	2	464182	80392953	173.19274120926704	327259	49097824	150.02742170574376
K9 - 3	K9	249	3	1155381	198033425	171.40097076202568	684847	102421014	149.55313230546386
10 - 1	10	250	1	702790	125015854	177.88507804607352	491289	73042960	148.6761559896517
10 - 2	10	250	2	1061738	185613752	174.8206732734441	693355	103017674	148.5785405744532
10 - 3	10	250	3	335797	58590518	174.4819578495341	241634	35920649	148.65726263688057
11 - 1	11	251	1	228373	39759088	174.09714808668275	165104	24638447	149.22986117840875
11 - 2	11	251	2	296023	51936949	175.449032676515	217247	32347936	148.89934498520117
11 - 3	11	251	3	322667	55655685	172.48644887763547	226310	33731649	149.05063408598824
12 - 1	12	252	1	180837	31619674	174.85179471015334	129152	19535629	151.26075476957382
12 - 2	12	252	2	238603	42463276	177.9662284212688	164645	24299780	147.58893376658872
12 - 3	12	252	3	747333	132160672	176.84308333768212	509868	76090292	149.23527658138968
13 - 1	13	253	1	831800	148641105	178.69813056023082	546573	81341995	148.82183166749914
13 - 2	13	253	2	819507	146030613	178.19324667147444	535687	78845782	147.18628975502486
13 - 3	13	253	3	1079684	190271925	176.2292717128345	696104	103572991	148.78953575902452
14 - 1	14	254	1	1189123	205160652	172.53106028560543	723786	108011315	149.23100888936784
14 - 2	14	254	2	280736	48805886	173.84975920437708	188065	27432162	145.8653231595459
14 - 3	14	254	3	798813	140052829	175.32617646432894	523140	76805506	146.8163512635241
15 - 1	15	255	1	911212	161941041	177.7204876581959	576423	85893801	149.01175178644849
15 - 2	15	255	2	1124243	198170062	176.2697761960715	695310	103874574	149.39318289683737
15 - 3	15	255	3	795538	141847619	178.30401439026167	515910	76278881	147.85307708708882
16 - 1	16	256	1	426654	72386662	169.66127588162774	279936	41233611	147.29656421467763
16 - 2	16	256	2	290901	48986178	168.39467035176915	200606	29207368	145.5956850742251
16 - 3	16	256	3	181054	29637082	163.6919482585306	132015	18962232	143.63695034655152
17 - 1	17	257	1	391139	69667206	178.11367825760152	317648	50253110	158.20376643328464
17 - 2	17	257	2	376721	68592018	182.07643853143307	311292	49288053	158.33382483327551
17 - 3	17	257	3	238367	42062820	176.4624297826461	191343	29741840	155.4373036902317
18 - 1	18	258	1	480476	89090955	185.42227915650312	356281	55193412	154.91539543225713
18 - 2	18	258	2	334644	63794399	190.63362558420292	242993	37287852	153.45237105595635
18 - 3	18	258	3	385091	73416149	190.6462342667058	282100	43787307	155.2190960652251
19 - 1	19	259	1	244409	44791761	183.26559578411596	169765	25577404	150.66358790092187
19 - 2	19	259	2	698510	131664692	188.49363931797683	472612	72786365	154.00871116264506
19 - 3	19	259	3	419548	76829898	183.1254063897337	284794	43704042	153.4584366243671
20 - 1	20	260	1	3863	637743	165.09008542583484	2197	351632	160.05097860719164
20 - 3	20	260	3	902	94036	104.25277161862527	374	42850	114.57219251336899
21 - 1	21	261	1	323513	57857701	178.84196616519273	219149	33161700	151.32033456689285
21 - 2	21	261	2	674666	121571771	180.19549080582095	453048	69039301	152.38849084423725
21 - 3	21	261	3	1141518	203013470	177.84517633537098	719040	109586046	152.4060497329773
22 - 1	22	262	1	1037090	189351651	182.57976742616358	658099	101118078	153.65177275759422
22 - 2	22	262	2	337374	60888557	180.47791768186048	238904	36489685	152.73785704718213
22 - 3	22	262	3	309442	55719324	180.06386980435752	220493	33329088	151.15712516950651
23 - 1	23	263	1	1003998	171001442	170.3205006384475	628440	95810060	152.45697282158997
23 - 2	23	263	2	223168	38766540	173.7101197304273	155644	23713976	152.36036082341755
23 - 3	23	263	3	257451	45270080	175.8395966611122	176813	27153713	153.57305741093697
24 - 1	24	264	1	364050	62432261	171.49364373025682	252559	38331029	151.77059221805598
24 - 2	24	264	2	434693	76005069	174.84769480990033	297057	45067977	151.71491329946778
24 - 3	24	264	3	394196	67267468	170.64472495915737	270661	41151141	152.03941831294497
L1 - 1	L1	265	1	233429	36992871	158.47590059504174	156094	23199571	148.62564224121363
L1 - 2	L1	265	2	647424	106137924	163.9388159845789	427086	63535552	148.76524166093012
L1 - 3	L1	265	3	1160026	194111856	167.33405630563453	695396	104267607	149.93990043083366
L2 - 1	L2	266	1	182342	30761993	168.7049226179377	124072	18487991	149.01017957315108
L2 - 2	L2	266	2	150833	25781102	170.92481088355996	101476	15098451	148.7883933146754
L2 - 3	L2	266	3	1204013	209809572	174.2585603311592	723782	109828688	151.74277337651392
L3 - 1	L3	267	1	264201	45547237	172.39615671401697	185364	27740157	149.65234349711918
L3 - 2	L3	267	2	662043	114055222	172.27766474383083	442552	64927924	146.7125309568141
L3 - 3	L3	267	3	300275	51588810	171.80521188910166	212551	31236923	146.96201382256493
L4 - 1	L4	268	1	265353	46709966	176.0295380116298	177908	26362702	148.18165568720912
L4 - 2	L4	268	2	228488	39171676	171.43865761002766	157356	23158289	147.17131218383793
L4 - 3	L4	268	3	847535	149272842	176.12587326777066	549373	81809567	148.91442972261106
L5 - 1	L5	269	1	674	69476	103.08011869436201	149	15287	102.59731543624162
L5 - 3	L5	269	3	1185	203219	171.4928270042194	639	94818	148.3849765258216
L6 - 1	L6	270	1	412975	73338777	177.58648102185361	279986	41512579	148.266624045488
L6 - 2	L6	270	2	343979	61126396	177.70385982865233	237858	34942380	146.90375390462418
L6 - 3	L6	270	3	289817	51188977	176.62517036612758	198720	29473948	148.31898148148147
L7 - 1	L7	271	1	950711	165308575	173.87889169263846	630006	93540569	148.47567959670226
L7 - 2	L7	271	2	464228	80807431	174.06841250420052	323098	46970380	145.3750255340485
L7 - 3	L7	271	3	285498	49441716	173.17710106550658	205152	30089748	146.67050772110434
L8 - 1	L8	272	1	586591	102959445	175.5216922864483	410413	61930996	150.89920640915372
L8 - 2	L8	272	2	845042	148020079	175.16298479838872	570033	85317211	149.67065240082593
L8 - 3	L8	272	3	1165475	202769927	173.98050322829747	760133	113783423	149.68883471708241
L9 - 1	L9	273	1	9596	1649036	171.84618591079615	7317	1104511	150.95134618012847
L9 - 2	L9	273	2	2824	292884	103.71246458923513	971	105254	108.39752832131823
10 - 1	10	274	1	977578	153741358	157.26761240535282	796737	111277533	139.66658131855306
10 - 2	10	274	2	253975	39688673	156.26999901565114	218896	30121527	137.60656658869965
10 - 3	10	274	3	901703	141363381	156.77377251711485	710064	98411533	138.5952998602943
11 - 1	11	275	1	229819	40964240	178.2456628912318	168436	25576383	151.8462977035788
11 - 2	11	275	2	205280	37345294	181.92368472330475	149675	22767480	152.11277768498414
11 - 3	11	275	3	547646	97564815	178.1530678577037	385577	58654398	152.12110162172536
12 - 2	12	276	2	1357	183487	135.21518054532055	573	74997	130.8848167539267
12 - 3	12	276	3	2606	461720	177.17574827321565	2197	325644	148.22212107419207
13 - 1	13	277	1	1035139	183042235	176.82865296351505	671518	100459085	149.5999883845258
13 - 2	13	277	2	304724	54334985	178.30884669405756	214841	31917079	148.56139656769426
13 - 3	13	277	3	661872	117410270	177.39120252858558	443846	65866736	148.3999765684494
14 - 1	14	278	1	258828	45685899	176.51065186146784	175240	26326824	150.23296051129878
14 - 2	14	278	2	265277	46823127	176.50654598777882	179964	26679941	148.25154475339514
14 - 3	14	278	3	432443	76116591	176.01531531323204	303842	45771421	150.64217915890495
15 - 1	15	279	1	1142242	199384482	174.55537618122955	685037	103720239	151.40822904456255
15 - 2	15	279	2	369878	65361798	176.71177523399606	247644	36778019	148.51164978759832
15 - 3	15	279	3	1164136	201701569	173.26289110550658	713827	107537721	150.64955654521333
16 - 1	16	280	1	224154	38909313	173.58295189914077	150785	22671282	150.35502205126505
16 - 2	16	280	2	504297	85146990	168.84294374148567	330745	49455966	149.52899061210297
16 - 3	16	280	3	223061	37046411	166.08197309256212	150988	22640117	149.94646594431345
17 - 1	17	281	1	1046743	177708095	169.77226045718916	747564	110850939	148.2828747772766
17 - 2	17	281	2	332231	58054183	174.74041555423787	263711	39360123	149.25476373757635
17 - 3	17	281	3	555835	96458540	173.5380823445807	437326	65858233	150.59299698622996
18 - 1	18	282	1	1040449	188106121	180.79321619800683	678732	103048736	151.82536848122675
18 - 2	18	282	2	712762	129208545	181.2786666517014	480275	73389266	152.80675862786944
18 - 3	18	282	3	258772	47232798	182.5266953147945	184163	27640787	150.08870945846886
19 - 1	19	283	1	1006522	182695383	181.5115645758364	622676	96353168	154.74045571051397
19 - 2	19	283	2	1072750	193945166	180.79251083663482	654033	101487712	155.17215797979614
19 - 3	19	283	3	373157	67746854	181.55053770932878	258230	39208668	151.83622352166674
20 - 1	20	284	1	355814	66087206	185.7352605574823	252051	39509095	156.75039972069143
20 - 2	20	284	2	365781	68446993	187.1256106796143	260096	41021934	157.71843473179135
20 - 3	20	284	3	443178	77561173	175.0113340463651	309098	45966431	148.71151220648468
21 - 1	21	285	1	246729	44852707	181.78935998605758	171271	26524501	154.86860589358386
21 - 2	21	285	2	223249	38391158	171.96564374308508	152072	23424803	154.03758088273975
21 - 3	21	285	3	576577	102269732	177.3739361785156	390517	59839500	153.23148544109475
22 - 1	22	286	1	414351	75935151	183.26286409348594	283324	44593719	157.39478123985262
22 - 2	22	286	2	662575	113364723	171.0971935252613	445934	67037295	150.33008247857308
22 - 3	22	286	3	714326	129969114	181.9464978175231	500710	77854049	155.48730602544387
23 - 1	23	287	1	389550	67152600	172.38505968425105	271722	41676245	153.37825056491562
23 - 2	23	287	2	344974	57891299	167.81351348217547	243418	37214069	152.8813358091842
23 - 3	23	287	3	376276	63910036	169.84882373576843	261489	40142578	153.51536011075035
24 - 1	24	288	1	680464	114990081	168.98775100519646	449018	68208769	151.9065360408714
24 - 2	24	288	2	600023	99025174	165.03563030083848	405570	61409802	151.41603668910423
24 - 3	24	288	3	473688	82262099	173.6630419178869	327527	49485751	151.08907357256044
M1 - 1	M1	289	1	235913	38738764	164.20783933060068	163531	24277943	148.46079948144387
M1 - 2	M1	289	2	367457	60692918	165.17012330694476	255131	37690764	147.73102445410396
M1 - 3	M1	289	3	1106841	187601731	169.4929362031222	700940	104870100	149.6135189887865
M2 - 1	M2	290	1	189643	31019242	163.5665012681723	124576	18347952	147.28320061649114
M2 - 2	M2	290	2	298663	49281678	165.00764406705886	197714	29071625	147.03877823522868
M2 - 3	M2	290	3	731455	125032676	170.93693528651798	466563	68939148	147.75956944721293
M3 - 1	M3	291	1	180541	30799294	170.5944577685955	124504	18451886	148.20315813146564
M3 - 2	M3	291	2	231523	39211887	169.36497453816685	153756	22702813	147.6548102187882
M3 - 3	M3	291	3	569424	98961218	173.79179311023069	379833	56335970	148.3177343727375
M4 - 1	M4	292	1	395195	69126636	174.91778995179595	268382	39528789	147.2855444850996
M4 - 2	M4	292	2	207022	35968809	173.74389678391668	140915	20780422	147.46777844800056
M4 - 3	M4	292	3	255820	44373776	173.4570244703307	175150	26011618	148.5105224093634
M5 - 1	M5	293	1	286444	51550231	179.96617488933265	200788	29968109	149.25249018865668
M5 - 2	M5	293	2	440738	79985812	181.48154232219596	292929	43582093	148.78039729763867
M5 - 3	M5	293	3	541153	95112263	175.75854333247713	370987	55104794	148.53564680163996
M6 - 1	M6	294	1	191418	32986773	172.32848008024322	137116	20174721	147.1361547886461
M6 - 2	M6	294	2	361540	63559316	175.80161531227526	255733	37406675	146.27238174189486
M6 - 3	M6	294	3	760882	132364159	173.96148022952312	519624	76512988	147.24683232491185
M7 - 1	M7	295	1	1131714	197775557	174.75754209985917	724614	109253157	150.77428396359994
M7 - 2	M7	295	2	361286	64036305	177.24546481181113	252387	37654754	149.19450684860948
M7 - 3	M7	295	3	222283	39004640	175.47288816508686	154985	23128534	149.23079007645902
M8 - 1	M8	296	1	350754	62447905	178.0390387565074	250520	37919615	151.3636236627814
M8 - 2	M8	296	2	377582	66920438	177.2341848922883	267541	40506639	151.40348208311997
M8 - 3	M8	296	3	1160740	198995195	171.43821613798093	718269	108610900	151.21201109890583
M9 - 1	M9	297	1	261124	45140990	172.8718539850799	189324	28590633	151.01430880395512
M9 - 2	M9	297	2	230664	40277044	174.61348108070612	168181	25207634	149.883958354392
M9 - 3	M9	297	3	288981	49896691	172.66426166426166	204533	30437129	148.81280282399416
10 - 1	10	298	1	326232	60190041	184.5007264768631	238608	36813532	154.28456715617247
10 - 2	10	298	2	211380	38821234	183.65613586905098	157441	24272928	154.17158173538024
10 - 3	10	298	3	257669	47311936	183.61516519255323	196816	30693962	155.95257499390294
11 - 1	11	299	1	809352	127903540	158.0320305627218	538711	74472064	138.24121653354024
11 - 2	11	299	2	349148	62458162	178.88735435975576	239922	35594972	148.3606005285051
11 - 3	11	299	3	1133064	187564180	165.53714529805907	696154	101016783	145.10694903713832
12 - 1	12	300	1	688442	122797298	178.36985250754603	468269	70997652	151.61723710089714
12 - 2	12	300	2	202854	36586739	180.3599583937216	143362	21840314	152.34381495793863
12 - 3	12	300	3	1090433	190963011	175.12585459170808	682208	103466441	151.66406872977157
13 - 1	13	301	1	488936	85501155	174.8718748466057	330832	48897529	147.8012441322359
13 - 2	13	301	2	554271	97982990	176.7781283884598	369362	54857870	148.52061121609694
13 - 3	13	301	3	444664	79036172	177.7435816706547	306558	45591422	148.7203791778391
14 - 1	14	302	1	330796	59185262	178.91770759017643	228582	33989296	148.69629279645815
14 - 2	14	302	2	324155	58497605	180.4618315312119	222149	32679634	147.10682469873822
14 - 3	14	302	3	306206	54688833	178.60144151322964	210672	31316949	148.65264012303487
15 - 1	15	303	1	202707	35839962	176.806730897305	138599	20163239	145.47896449469332
15 - 2	15	303	2	171081	30739616	179.6787252821763	120934	17882386	147.86896985132387
15 - 3	15	303	3	256483	45430800	177.12986825637566	174202	25824053	148.2420006658936
16 - 1	16	304	1	254742	43861364	172.17955421563778	170983	26005839	152.09605048455109
16 - 2	16	304	2	223358	36550196	163.63952041117847	146660	22115532	150.7945724805673
16 - 3	16	304	3	211404	34528612	163.32998429547217	140762	21154603	150.28632017163724
17 - 1	17	305	1	351179	63355223	180.40720828978954	262141	40320479	153.81218123071173
17 - 2	17	305	2	497946	88242792	177.21357737586004	358958	53745115	149.72535784130733
17 - 3	17	305	3	644755	116579827	180.81259858395825	475396	72350478	152.1899174582874
18 - 2	18	306	2	5593	931181	166.49043447166102	3562	509601	143.0659741718136
18 - 3	18	306	3	4955	819972	165.48375378405652	3875	565354	145.8978064516129
19 - 1	19	307	1	525076	100551731	191.4993848509549	350462	54922012	156.7131728974896
19 - 2	19	307	2	797973	148794222	186.46523378610556	523809	81840888	156.2418515145788
19 - 3	19	307	3	388458	71667656	184.49267617091166	268231	42153627	157.15419545093596
20 - 1	20	308	1	337247	58921141	174.71212790625268	230045	35472813	154.19945228107545
20 - 2	20	308	2	446428	78214996	175.2018152983236	328463	49683636	151.26098221108617
20 - 3	20	308	3	300486	52393828	174.36362426202885	205194	31334835	152.7083394251294
21 - 1	21	309	1	447616	79167412	176.8645714183586	299099	46618332	155.86254718337406
21 - 2	21	309	2	251101	43427886	172.94987276036335	170346	26468064	155.3782536719383
21 - 3	21	309	3	408359	71016108	173.90606794511692	277456	43062628	155.2052505622513
22 - 1	22	310	1	374037	67245297	179.7824733916698	253337	39147070	154.52567133896747
22 - 2	22	310	2	258107	44666295	173.0534042083322	179613	27552703	153.40038304577064
22 - 3	22	310	3	365714	62422072	170.68548647303632	250166	38431490	153.6239536947467
23 - 1	23	311	1	322689	54837645	169.93961678272268	219676	34283854	156.0655419800069
23 - 2	23	311	2	569863	98493774	172.83763641436627	386760	60169522	155.5732805874444
23 - 3	23	311	3	337012	57711711	171.24527019809383	231272	36011752	155.7116814832751
24 - 1	24	312	1	477502	79593267	166.68677199257803	323057	49902156	154.46857984813826
24 - 2	24	312	2	397466	65310853	164.31808758485002	274173	42169166	153.80495526547108
24 - 3	24	312	3	299370	50979732	170.29004910311656	207355	31948538	154.0765257649924
N1 - 1	N1	313	1	279195	44640482	159.8899765396945	185970	27561780	148.20551701887402
N1 - 2	N1	313	2	250432	39896498	159.3107031050345	175032	25627913	146.41844348461996
N1 - 3	N1	313	3	1070422	178004205	166.2934851862163	655614	98480496	150.2110937228308
N2 - 1	N2	314	1	267453	44591149	166.72517788172127	180483	26896925	149.02747073131542
N2 - 2	N2	314	2	180478	29987026	166.15335941222753	124032	18414899	148.46893543601652
N2 - 3	N2	314	3	903807	148919871	164.76954814468132	593958	87169250	146.75995609117143
N3 - 1	N3	315	1	322020	54124354	168.0776162971244	218352	32647245	149.5165833150143
N3 - 2	N3	315	2	251528	41037357	163.15224149995228	162209	23350928	143.95581009685037
N3 - 3	N3	315	3	295669	50950738	172.32357129086918	205188	30059387	146.4968078055247
N4 - 1	N4	316	1	242248	42405666	175.05063406096232	171275	25773509	150.48027441249454
N4 - 2	N4	316	2	479965	86497570	180.2164116133468	326768	49132023	150.35751052734662
N4 - 3	N4	316	3	235615	42186746	179.04949175561828	164129	24657022	150.22952677467114
N5 - 1	N5	317	1	307167	52842719	172.0325393027246	219857	31634059	143.8847023292413
N5 - 2	N5	317	2	283779	49568457	174.67274534056432	204391	29632848	144.98117823191822
N5 - 3	N5	317	3	428924	73329742	170.96208652348668	302163	43522273	144.03574560750323
N6 - 1	N6	318	1	1127220	200570964	177.93417788896576	751556	112417996	149.5803320045346
N6 - 2	N6	318	2	238568	42819940	179.48735790214948	168879	25177179	149.08413124189508
N6 - 3	N6	318	3	1125189	198926254	176.7936355581151	726350	108660433	149.59789770771667
N7 - 1	N7	319	1	310597	53965305	173.74702588885276	221700	33287582	150.1469643662607
N7 - 2	N7	319	2	340534	59833385	175.70458456424322	241034	35970359	149.23354796418764
N7 - 3	N7	319	3	267069	46317789	173.43004616784427	188376	28278567	150.11767422601605
N8 - 1	N8	320	1	416015	73030128	175.54686249293897	304615	46080745	151.27536398404544
N8 - 2	N8	320	2	287159	49667538	172.96180164995698	208021	31053490	149.28055340566578
N8 - 3	N8	320	3	514415	89744544	174.45942283953616	368472	54780123	148.66834657721617
N9 - 1	N9	321	1	464261	79620661	171.4997835269385	335594	50805531	151.38986692253138
N9 - 2	N9	321	2	162159	28725071	177.1413920904791	119694	18084807	151.09200962454258
N9 - 3	N9	321	3	342571	59677715	174.20539099923812	243764	36576125	150.04727933575097
10 - 1	10	322	1	348937	61145013	175.2322424964965	257267	38867869	151.0798858773181
10 - 2	10	322	2	328665	56758893	172.69527634521472	236935	35493514	149.8027475890012
10 - 3	10	322	3	339801	59138900	174.03980565095452	251113	38075788	151.62810368240594
11 - 1	11	323	1	791914	139605286	176.28844293698558	554690	83961355	151.3662676449909
11 - 2	11	323	2	488520	84498487	172.9683267829362	344808	51964664	150.70608570566807
11 - 3	11	323	3	895516	156662123	174.9406185930793	615943	92612243	150.3584633643048
12 - 1	12	324	1	404826	67962286	167.88023990553967	281291	40776438	144.9617584636551
12 - 2	12	324	2	428839	75810743	176.7813631689282	299131	44527614	148.85656785822934
12 - 3	12	324	3	581285	102470725	176.28310553343024	406979	61393274	150.85120853901552
13 - 1	13	325	1	323466	57590677	178.04244340981742	222803	33610391	150.85250647432935
13 - 2	13	325	2	292865	50669714	173.01389377358169	207299	30794258	148.54995923762294
13 - 3	13	325	3	304600	53692826	176.27323046618517	216911	32358199	149.177307743729
14 - 1	14	326	1	241783	43065753	178.11737384348777	168811	25124159	148.83010585803058
14 - 2	14	326	2	815249	149088651	182.8749878871363	557231	83954840	150.66433848798792
14 - 3	14	326	3	314986	56290092	178.70664727956162	224109	33389432	148.98746592060112
15 - 1	15	327	1	257924	44711910	173.35304198135884	176092	26114789	148.30196147468368
15 - 2	15	327	2	297868	51368455	172.45375468328254	198044	29086915	146.8709731170851
15 - 3	15	327	3	647891	113092480	174.55479393910394	425490	63240068	148.62879973677408
16 - 1	16	328	1	256831	44332230	172.61245721894943	175754	26798700	152.47846421703062
16 - 2	16	328	2	331384	58608355	176.8593384110277	232994	36070202	154.81172047348858
16 - 3	16	328	3	395549	67954571	171.79811097992916	277738	42619594	153.45251279983293
17 - 1	17	329	1	342921	62633667	182.64751065114123	247890	37615395	151.74228488442455
17 - 2	17	329	2	386285	71614713	185.39346078672483	278424	42297736	151.9184265724219
17 - 3	17	329	3	512167	92010272	179.64896605989844	368517	56256667	152.65691135008697
18 - 1	18	330	1	337634	63947599	189.3991689225611	245032	37855575	154.49237242482616
18 - 2	18	330	2	967934	180267570	186.23952666194182	641494	98953424	154.25463683214497
18 - 3	18	330	3	291703	56028770	192.0747129786118	214621	33490466	156.04468341867758
19 - 1	19	331	1	4057	577108	142.2499383781119	2789	391302	140.3019003226963
19 - 2	19	331	2	8734	1518190	173.82528051293795	5966	872607	146.2633255112303
19 - 3	19	331	3	4607	629048	136.54178424137183	2464	356848	144.82467532467533
20 - 1	20	332	1	284493	49135793	172.71353952469832	193165	29928952	154.93982864390546
20 - 2	20	332	2	411593	70779732	171.96534440576005	275990	42673911	154.62122178339794
20 - 3	20	332	3	575648	100457567	174.51214457446218	389247	60048906	154.26941248102105
21 - 2	21	333	2	795	81547	102.57484276729559	234	24037	102.72222222222223
21 - 3	21	333	3	1194	182443	152.79983249581238	764	108475	141.9829842931937
22 - 1	22	334	1	521106	90724266	174.09944617793693	355586	55048236	154.8099081516145
22 - 2	22	334	2	392224	67707690	172.62505609039732	279124	42846136	153.50215674753872
22 - 3	22	334	3	484185	83285007	172.01071284736207	336153	51355069	152.77290103018566
23 - 1	23	335	1	2312	238551	103.1794982698962	1317	146163	110.98177676537586
23 - 2	23	335	2	3885	615759	158.4965250965251	2948	422161	143.20251017639077
23 - 3	23	335	3	6927	1036063	149.5687887974592	3969	583092	146.91156462585033
24 - 1	24	336	1	813532	130336557	160.21073172290704	521016	78692913	151.03742111566632
24 - 2	24	336	2	384992	62349965	161.9513262613249	261283	40271741	154.13073563913457
24 - 3	24	336	3	358007	57977335	161.94469661207742	248690	38483174	154.74355221359926
O1 - 1	O1	337	1	330223	51593148	156.23729419210656	222046	33007697	148.65251794673176
O1 - 2	O1	337	2	294961	46005023	155.96985025138918	195311	28774069	147.32436473112114
O1 - 3	O1	337	3	285546	44666200	156.42383363801278	191006	27802082	145.55606630158215
O2 - 1	O2	338	1	318512	51059809	160.30733221982217	211470	31510665	149.00773159313377
O2 - 2	O2	338	2	195428	31697993	162.19780686493235	126995	18737644	147.54631284696248
O2 - 3	O2	338	3	1095780	183153501	167.14440946175327	671150	99813319	148.7198375921925
O3 - 1	O3	339	1	334806	57458494	171.61727687078488	229833	34302688	149.25049057359038
O3 - 2	O3	339	2	240418	40692231	169.25617466246288	163434	24332609	148.88339635571546
O3 - 3	O3	339	3	368409	62187726	168.80077848261035	252133	37237980	147.69181344766452
O4 - 1	O4	340	1	695329	121210468	174.32103076385422	462174	68338608	147.86337613106753
O4 - 2	O4	340	2	269490	47426709	175.98689747300457	182344	27125918	148.76232834642215
O4 - 3	O4	340	3	372153	64510212	173.3432539842484	257000	38413326	149.46819455252918
O5 - 1	O5	341	1	232603	41822510	179.8021091731405	175343	26079185	148.73239878409746
O5 - 2	O5	341	2	201544	34778703	172.56134144405192	150020	22084087	147.20761898413545
O5 - 3	O5	341	3	405192	70425046	173.80660526367745	287911	42796050	148.64333075151697
O6 - 1	O6	342	1	341554	59412793	173.9484620294302	245605	36628186	149.13452902017468
O6 - 2	O6	342	2	311767	54729986	175.5477199318722	221050	32578287	147.37971952047047
O6 - 3	O6	342	3	1126997	190819357	169.31665035488115	670208	100133806	149.4070587041635
O7 - 1	O7	343	1	330490	56818216	171.9211352839723	241961	36332019	150.1565086935498
O7 - 2	O7	343	2	346917	60343831	173.94313625449314	247191	36685554	148.4097479277158
O7 - 3	O7	343	3	438533	75123865	171.30721063181107	323176	48135978	148.94663588880363
O8 - 1	O8	344	1	311351	53332444	171.2936332306625	225419	33735976	149.6589728461221
O8 - 2	O8	344	2	461092	79996698	173.49400553468723	330757	49261716	148.93627648092104
O8 - 3	O8	344	3	315943	52982822	167.69740744374778	233101	35019881	150.23479521752373
O9 - 1	O9	345	1	404442	68293687	168.8590378842949	316008	46860973	148.29046416546416
O9 - 2	O9	345	2	282920	48418538	171.138618690796	207766	30957793	149.00317183754802
O9 - 3	O9	345	3	437208	72035811	164.76324998627655	332267	49157561	147.94596213286303
10 - 1	10	346	1	217736	38290796	175.85881985523753	163461	24875469	152.17984106300585
10 - 2	10	346	2	165239	29062625	175.88235828103535	122964	18526802	150.66850460297323
10 - 3	10	346	3	300082	51519221	171.68380975866597	216385	32646391	150.87178408854587
11 - 1	11	347	1	544003	94794895	174.25436072962833	388965	58522929	150.45808491766613
11 - 2	11	347	2	587294	101641827	173.0680493926381	424195	63365973	149.37934912009806
11 - 3	11	347	3	497894	85627614	171.97960610089697	362462	54714941	150.95359237658016
12 - 1	12	348	1	369610	63267676	171.17414572116556	271025	40480762	149.3617267779725
12 - 2	12	348	2	423938	74513455	175.76498214361533	313681	46904531	149.52939770021135
12 - 3	12	348	3	349206	59842111	171.36621650258013	250025	37307274	149.21417458254174
13 - 1	13	349	1	301320	52656793	174.75372693482012	213838	31582887	147.69539090339416
13 - 2	13	349	2	437624	77009326	175.9714412372265	315364	46670677	147.98986884996384
13 - 3	13	349	3	282702	50563430	178.85770174954547	213216	31956140	149.87683851118115
14 - 1	14	350	1	399730	70916140	177.41010181872764	280064	41821284	149.32759654936015
14 - 2	14	350	2	375776	67851287	180.5631200502427	260408	38913843	149.434130287856
14 - 3	14	350	3	610711	108251293	177.2545328314047	418593	62384834	149.03458490705768
15 - 1	15	351	1	223293	38681760	173.23319584581694	156073	23175342	148.4903987236742
15 - 2	15	351	2	815429	145151924	178.00682094946342	528799	79324647	150.009071499757
15 - 3	15	351	3	503914	87263174	173.17076723409153	346244	51540978	148.85738958653434
16 - 1	16	352	1	202978	33543634	165.2574860329691	139701	20818348	149.0207514620511
16 - 2	16	352	2	185395	30641819	165.27856198926617	123597	18308615	148.13154850036813
16 - 3	16	352	3	238723	39438558	165.20636050987966	162573	24350820	149.7839124577882
17 - 1	17	353	1	398858	72083114	180.72375130999004	288372	43884461	152.18003481614025
17 - 2	17	353	2	342899	62215805	181.44061370840976	245486	37276104	151.84615008595196
17 - 3	17	353	3	881499	158133521	179.39160566262694	588534	90509490	153.78803943357562
18 - 1	18	354	1	380835	70717224	185.68992870928355	263353	40063694	152.1292485751064
18 - 2	18	354	2	371354	67959875	183.0056361315618	262683	39490166	150.33392339816433
18 - 3	18	354	3	290282	53574332	184.55960755403368	204729	31077937	151.80036536103825
19 - 1	19	355	1	296342	54725556	184.67026611145232	208693	32023313	153.4469915138505
19 - 2	19	355	2	370234	67103560	181.2463469049304	257144	39180283	152.3670900351554
19 - 3	19	355	3	352095	62685386	178.03543361876766	241624	36809891	152.34368688540874
20 - 1	20	356	1	611933	103077755	168.44614524792746	403957	60557744	149.91136185287047
20 - 2	20	356	2	339229	59372415	175.02163730105622	237752	35896163	150.98153958746929
20 - 3	20	356	3	341924	58355979	170.6694440869901	238469	35832705	150.26148052786735
21 - 1	21	357	1	876356	153912423	175.62773918361944	560388	87035493	155.31291355275275
21 - 2	21	357	2	271175	46140186	170.1491140407486	186329	28888411	155.03980056781285
21 - 3	21	357	3	267827	44977522	167.93498041646288	187326	28422230	151.7260284210414
22 - 1	22	358	1	261592	42983525	164.31513578396894	179976	27692866	153.86977152509223
22 - 2	22	358	2	377174	65670375	174.11161691951196	261467	40776969	155.95455258216143
22 - 3	22	358	3	337980	56870131	168.26478193975976	235467	36743571	156.04552230248825
23 - 1	23	359	1	486072	81569690	167.81400697839004	326704	51116604	156.46151868357902
23 - 2	23	359	2	422096	69388485	164.39029272961602	289090	44806740	154.99235532187208
23 - 3	23	359	3	303295	50985626	168.10572544882046	209797	32586850	155.32562429396035
24 - 1	24	360	1	1808	301923	166.9928097345133	1028	151582	147.4533073929961
24 - 2	24	360	2	3318	429593	129.47347799879446	2308	348236	150.88214904679376
24 - 3	24	360	3	6074	630739	103.84244320052683	3233	347441	107.46705845963501
P1 - 1	P1	361	1	378700	59432724	156.93880116186955	268110	38164625	142.34689120137256
P1 - 2	P1	361	2	306806	47667637	155.3673559187239	216428	30815041	142.38010331380414
P1 - 3	P1	361	3	251562	38536455	153.1886970210127	174432	24921299	142.87114176297928
P2 - 1	P2	362	1	456902	73043609	159.86712467881514	313275	46172023	147.38495890192323
P2 - 2	P2	362	2	255334	37969044	148.70343941660727	176160	25104551	142.5099398274296
P2 - 3	P2	362	3	496819	78836107	158.681747276171	327975	47724117	145.51144751886577
P3 - 1	P3	363	1	321736	52411393	162.901860531616	215759	32015518	148.38555054482083
P3 - 2	P3	363	2	207970	34682309	166.76592296965907	142879	21061641	147.40893343318473
P3 - 3	P3	363	3	763340	130424233	170.85994838473027	494089	73540651	148.8408991092698
P4 - 1	P4	364	1	537959	90413053	168.06680992417637	378152	54640615	144.4937882121475
P4 - 2	P4	364	2	386125	65840350	170.51563612819683	273164	39214947	143.55825438198298
P4 - 3	P4	364	3	505892	89174733	176.27227352873737	356452	52324629	146.7929174194562
P5 - 1	P5	365	1	247656	42478519	171.52226879219563	174183	25307908	145.29493693414398
P5 - 2	P5	365	2	290804	49989564	171.90122556773633	205887	29809694	144.7866742436385
P5 - 3	P5	365	3	440236	75709151	171.9740116664698	319875	46556942	145.54729816334506
P6 - 1	P6	366	1	324695	60947835	187.7079566978241	247026	38031936	153.95924315659082
P6 - 2	P6	366	2	359463	66037744	183.7122151653995	274566	41530896	151.26015602805882
P6 - 3	P6	366	3	371266	68271903	183.88945661601116	294068	44961864	152.89614646952407
P7 - 1	P7	367	1	302402	51879535	171.55817421842448	226072	33859281	149.7721124243604
P7 - 2	P7	367	2	343989	59821532	173.90536325289472	255990	38487499	150.34766592445018
P7 - 3	P7	367	3	852445	145855070	171.102030042994	613152	91505418	149.23773876624392
P8 - 1	P8	368	1	2119	299022	141.11467673430863	1359	208241	153.23105224429727
P8 - 2	P8	368	2	3526	570081	161.6792399319342	2422	362446	149.64739884393063
P9 - 1	P9	369	1	406176	69626305	171.419052331994	300581	45642182	151.84653055249666
P9 - 2	P9	369	2	321832	53835349	167.27780021874767	238260	35025227	147.0042264752791
P9 - 3	P9	369	3	273622	46271499	169.10737806170556	209718	31366335	149.5643435470489
10 - 1	10	370	1	380388	64793679	170.33575980314836	304994	45408819	148.88430264201918
10 - 2	10	370	2	210618	35335473	167.7704327265476	167377	25017980	149.4708352999516
10 - 3	10	370	3	562185	94973809	168.93693179291515	442503	66412232	150.08312260029876
11 - 1	11	371	1	849654	145542303	171.29596635807047	612123	92027038	150.3407615789637
11 - 2	11	371	2	239653	38881804	162.2420916909031	181150	26629525	147.00262213635108
11 - 3	11	371	3	250035	42613602	170.43054772331874	190302	28583652	150.20153230128952
12 - 1	12	372	1	381900	66460514	174.02595967530766	279654	41972897	150.08867028542414
12 - 2	12	372	2	422573	72574552	171.7444133912957	310126	46293555	149.2733759826651
12 - 3	12	372	3	394741	67923564	172.07121631652146	282421	42108747	149.09920650376566
13 - 1	13	373	1	400707	71097396	177.42988268235894	283012	42034281	148.52473040012438
13 - 2	13	373	2	571895	100157042	175.1318721093907	403388	59787411	148.21316201771
13 - 3	13	373	3	396016	67893667	171.44172710193527	292924	44052348	150.38831915445644
14 - 1	14	374	1	1016946	176906924	173.95901453961173	654336	98123897	149.95949634438577
14 - 2	14	374	2	454032	80136144	176.4988899460831	318690	46752576	146.7023627977031
14 - 3	14	374	3	385393	67277341	174.568144724995	275192	40263079	146.30904604785022
15 - 1	15	375	1	298680	52209249	174.7999497790277	205731	30256693	147.0691971555089
15 - 2	15	375	2	364247	64425026	176.8718095138738	254132	37471198	147.4477751719579
15 - 3	15	375	3	341036	59526703	174.54668422102066	234754	34785721	148.17946020089116
16 - 1	16	376	1	304511	52085953	171.0478537721133	210287	31382602	149.237004665053
16 - 2	16	376	2	257250	42193858	164.0188843537415	172750	25474846	147.46654703328508
16 - 3	16	376	3	318186	50703203	159.35082938909946	218007	32159349	147.51521281426744
17 - 1	17	377	1	467388	86761505	185.63057887665067	338763	51730886	152.70524230804426
17 - 2	17	377	2	417351	77696432	186.16567828997654	304480	46255272	151.9156332107199
17 - 3	17	377	3	218017	40173054	184.26569487700502	157954	23786638	150.59218506653835
18 - 1	18	378	1	481312	89863437	186.70516629545907	339923	51531962	151.59892681577887
18 - 2	18	378	2	469111	83546723	178.09585151488668	323711	47939211	148.09262274065446
18 - 3	18	378	3	469096	85164667	181.55061437317735	321362	48330729	150.39341614752212
19 - 1	19	379	1	1083755	208313993	192.21502369077882	665975	109410244	164.2858125305004
19 - 2	19	379	2	431272	86564493	200.71901955146635	325972	51185110	157.02302651761502
19 - 3	19	379	3	466568	92117954	197.43735961317535	353273	55501960	157.10784577366513
20 - 1	20	380	1	1044	108322	103.75670498084291	548	59068	107.78832116788321
20 - 2	20	380	2	1372	141458	103.10349854227405	327	33628	102.83792048929664
20 - 3	20	380	3	2424	352811	145.54909240924093	1614	252171	156.23977695167287
21 - 1	21	381	1	360896	65793500	182.30598288703672	261319	42113917	161.15903168158457
21 - 2	21	381	2	353778	61753050	174.5531095771925	252636	40195046	159.10260612105955
21 - 3	21	381	3	536610	93860140	174.91313989675928	376204	58907690	156.58443291405726
22 - 1	22	382	1	388690	64444026	165.7980035503872	263922	40702760	154.22268700600935
22 - 2	22	382	2	568803	95525238	167.94081254845702	380963	58208246	152.7923866622218
22 - 3	22	382	3	551079	93129328	168.99451439811716	375368	56974668	151.78349779416465
23 - 1	23	383	1	3563	559093	156.91636261577324	2332	343220	147.17838765008577
23 - 2	23	383	2	3210	444100	138.34890965732086	2007	263455	131.26806178375685
23 - 3	23	383	3	1761	242621	137.77455990914254	1775	236603	133.29746478873238
24 - 1	24	384	1	426418	68259844	160.07730442898753	293709	45881023	156.21251987511448
24 - 2	24	384	2	344709	55488040	160.97067381472488	240909	37198269	154.40796732376126
24 - 3	24	384	3	511503	87360059	170.79090249715054	353200	53258239	150.78776613816535
